#File: /nfs/wwwresearch/GASS/SERVER/GASS216-60.mir
#Robust polynomial order: none
#Spectral axis = VELO
#Intensity axis = K
#
# Channel Spectral axis Intensity
1.00000E+00 -3.998213196E+02 5.83709E-02
2.00000E+00 -3.989979553E+02 3.24378E-02
3.00000E+00 -3.981746216E+02 1.33530E-02
4.00000E+00 -3.973512573E+02 7.49878E-02
5.00000E+00 -3.965278931E+02 -5.44942E-02
6.00000E+00 -3.957045288E+02 -7.87472E-03
7.00000E+00 -3.948811340E+02 -6.45657E-02
8.00000E+00 -3.940577698E+02 5.53086E-02
9.00000E+00 -3.932344055E+02 1.00494E-02
1.00000E+01 -3.924110413E+02 1.23089E-01
1.10000E+01 -3.915876465E+02 3.45887E-02
1.20000E+01 -3.907642822E+02 -8.74832E-03
1.30000E+01 -3.899408875E+02 -4.22327E-02
1.40000E+01 -3.891175232E+02 -1.96441E-02
1.50000E+01 -3.882941284E+02 -4.83837E-02
1.60000E+01 -3.874707336E+02 5.76639E-02
1.70000E+01 -3.866473389E+02 -5.45409E-02
1.80000E+01 -3.858239441E+02 5.96816E-03
1.90000E+01 -3.850005493E+02 5.95453E-02
2.00000E+01 -3.841771545E+02 9.59986E-02
2.10000E+01 -3.833537598E+02 3.15597E-02
2.20000E+01 -3.825303650E+02 2.76578E-02
2.30000E+01 -3.817069397E+02 5.58137E-02
2.40000E+01 -3.808835449E+02 -1.75475E-01
2.50000E+01 -3.800601501E+02 3.08651E-02
2.60000E+01 -3.792367249E+02 1.51487E-01
2.70000E+01 -3.784132996E+02 1.98640E-01
2.80000E+01 -3.775899048E+02 3.77228E-03
2.90000E+01 -3.767664795E+02 1.67133E-01
3.00000E+01 -3.759430542E+02 -9.61140E-02
3.10000E+01 -3.751196289E+02 2.17649E-02
3.20000E+01 -3.742962036E+02 6.70607E-02
3.30000E+01 -3.734727783E+02 7.00262E-02
3.40000E+01 -3.726493530E+02 -3.73715E-02
3.50000E+01 -3.718259277E+02 -1.75669E-02
3.60000E+01 -3.710025024E+02 5.74467E-02
3.70000E+01 -3.701790466E+02 -5.36443E-02
3.80000E+01 -3.693556213E+02 -2.29335E-02
3.90000E+01 -3.685321655E+02 8.84604E-02
4.00000E+01 -3.677087402E+02 8.60198E-02
4.10000E+01 -3.668852844E+02 1.02465E-01
4.20000E+01 -3.660618286E+02 6.37288E-02
4.30000E+01 -3.652384033E+02 1.96368E-02
4.40000E+01 -3.644149475E+02 -2.60853E-02
4.50000E+01 -3.635914917E+02 -5.00813E-02
4.60000E+01 -3.627680359E+02 2.59945E-02
4.70000E+01 -3.619445801E+02 -5.97010E-02
4.80000E+01 -3.611211243E+02 -1.36518E-01
4.90000E+01 -3.602976379E+02 4.09387E-02
5.00000E+01 -3.594741821E+02 -3.12721E-02
5.10000E+01 -3.586507263E+02 6.98186E-02
5.20000E+01 -3.578272400E+02 3.53755E-02
5.30000E+01 -3.570037842E+02 3.41755E-02
5.40000E+01 -3.561802979E+02 -3.10452E-02
5.50000E+01 -3.553568115E+02 1.16937E-01
5.60000E+01 -3.545333252E+02 1.49768E-01
5.70000E+01 -3.537098694E+02 9.89724E-02
5.80000E+01 -3.528863831E+02 5.82484E-02
5.90000E+01 -3.520628967E+02 8.70638E-02
6.00000E+01 -3.512394104E+02 -3.95185E-05
6.10000E+01 -3.504159241E+02 2.35772E-02
6.20000E+01 -3.495924072E+02 1.01969E-01
6.30000E+01 -3.487689209E+02 5.64569E-03
6.40000E+01 -3.479454346E+02 -1.47085E-02
6.50000E+01 -3.471219177E+02 -6.15726E-02
6.60000E+01 -3.462984314E+02 2.86579E-02
6.70000E+01 -3.454749146E+02 -7.89327E-03
6.80000E+01 -3.446514282E+02 1.54251E-01
6.90000E+01 -3.438279114E+02 2.31639E-02
7.00000E+01 -3.430043945E+02 5.23914E-02
7.10000E+01 -3.421808777E+02 6.77277E-02
7.20000E+01 -3.413573608E+02 5.19108E-02
7.30000E+01 -3.405338440E+02 1.15044E-01
7.40000E+01 -3.397103271E+02 -3.58881E-02
7.50000E+01 -3.388868103E+02 -7.10472E-02
7.60000E+01 -3.380632935E+02 -1.22862E-02
7.70000E+01 -3.372397461E+02 7.45139E-02
7.80000E+01 -3.364162292E+02 6.26676E-02
7.90000E+01 -3.355926819E+02 -6.28473E-03
8.00000E+01 -3.347691650E+02 6.47890E-02
8.10000E+01 -3.339456177E+02 2.91588E-02
8.20000E+01 -3.331221008E+02 1.51056E-02
8.30000E+01 -3.322985535E+02 1.96124E-02
8.40000E+01 -3.314750061E+02 8.28557E-02
8.50000E+01 -3.306514587E+02 9.43660E-02
8.60000E+01 -3.298279114E+02 1.69317E-02
8.70000E+01 -3.290043640E+02 1.07795E-01
8.80000E+01 -3.281808167E+02 4.19220E-02
8.90000E+01 -3.273572693E+02 8.39267E-02
9.00000E+01 -3.265336914E+02 -9.38462E-02
9.10000E+01 -3.257101440E+02 6.97305E-02
9.20000E+01 -3.248865967E+02 -1.00668E-02
9.30000E+01 -3.240630188E+02 -6.53419E-02
9.40000E+01 -3.232394409E+02 -2.98176E-02
9.50000E+01 -3.224158936E+02 1.97083E-02
9.60000E+01 -3.215923157E+02 1.99212E-02
9.70000E+01 -3.207687378E+02 6.07675E-02
9.80000E+01 -3.199451599E+02 6.54077E-02
9.90000E+01 -3.191215820E+02 -2.02841E-02
1.00000E+02 -3.182980042E+02 -4.20994E-02
1.01000E+02 -3.174744263E+02 1.21024E-02
1.02000E+02 -3.166508484E+02 -4.08129E-02
1.03000E+02 -3.158272705E+02 6.90512E-02
1.04000E+02 -3.150036926E+02 4.68528E-02
1.05000E+02 -3.141800842E+02 -2.62242E-04
1.06000E+02 -3.133565063E+02 2.27988E-02
1.07000E+02 -3.125328979E+02 3.71327E-02
1.08000E+02 -3.117092896E+02 9.25407E-02
1.09000E+02 -3.108857117E+02 2.55246E-02
1.10000E+02 -3.100621033E+02 6.38950E-02
1.11000E+02 -3.092384949E+02 -2.30333E-02
1.12000E+02 -3.084148865E+02 2.59855E-02
1.13000E+02 -3.075912781E+02 -1.15624E-03
1.14000E+02 -3.067676697E+02 2.67097E-02
1.15000E+02 -3.059440613E+02 -8.95499E-02
1.16000E+02 -3.051204529E+02 -8.11653E-02
1.17000E+02 -3.042968140E+02 3.54896E-02
1.18000E+02 -3.034732056E+02 1.20631E-01
1.19000E+02 -3.026495972E+02 4.00189E-02
1.20000E+02 -3.018259583E+02 2.58000E-02
1.21000E+02 -3.010023499E+02 -5.00864E-02
1.22000E+02 -3.001787109E+02 4.60806E-03
1.23000E+02 -2.993550720E+02 3.91138E-02
1.24000E+02 -2.985314331E+02 4.03414E-02
1.25000E+02 -2.977077942E+02 8.58032E-02
1.26000E+02 -2.968841858E+02 1.18268E-01
1.27000E+02 -2.960605164E+02 6.33137E-02
1.28000E+02 -2.952368774E+02 1.08387E-01
1.29000E+02 -2.944132385E+02 5.48124E-02
1.30000E+02 -2.935895996E+02 -3.52293E-02
1.31000E+02 -2.927659607E+02 5.50949E-02
1.32000E+02 -2.919422913E+02 5.04490E-02
1.33000E+02 -2.911186523E+02 1.63459E-02
1.34000E+02 -2.902949829E+02 -1.41405E-02
1.35000E+02 -2.894713135E+02 9.72133E-02
1.36000E+02 -2.886476746E+02 3.46560E-02
1.37000E+02 -2.878240051E+02 3.45154E-02
1.38000E+02 -2.870003357E+02 -8.33965E-02
1.39000E+02 -2.861766663E+02 9.34369E-02
1.40000E+02 -2.853529968E+02 1.93409E-02
1.41000E+02 -2.845293274E+02 1.14952E-01
1.42000E+02 -2.837056580E+02 7.05065E-02
1.43000E+02 -2.828819885E+02 1.95736E-02
1.44000E+02 -2.820582886E+02 1.67477E-02
1.45000E+02 -2.812346191E+02 4.96123E-02
1.46000E+02 -2.804109497E+02 1.99102E-02
1.47000E+02 -2.795872498E+02 -6.31913E-02
1.48000E+02 -2.787635803E+02 2.56508E-02
1.49000E+02 -2.779398804E+02 -1.14261E-02
1.50000E+02 -2.771161804E+02 9.66640E-02
1.51000E+02 -2.762924805E+02 4.40546E-03
1.52000E+02 -2.754687805E+02 1.55506E-01
1.53000E+02 -2.746450806E+02 1.07308E-01
1.54000E+02 -2.738213806E+02 -1.02376E-02
1.55000E+02 -2.729976807E+02 1.24264E-01
1.56000E+02 -2.721739807E+02 3.80214E-02
1.57000E+02 -2.713502808E+02 8.76562E-02
1.58000E+02 -2.705265503E+02 3.53889E-02
1.59000E+02 -2.697028503E+02 -7.51862E-02
1.60000E+02 -2.688791504E+02 1.34437E-01
1.61000E+02 -2.680554199E+02 -4.85010E-02
1.62000E+02 -2.672316895E+02 4.76441E-02
1.63000E+02 -2.664079895E+02 -5.75312E-02
1.64000E+02 -2.655842590E+02 -1.90417E-02
1.65000E+02 -2.647605286E+02 1.01946E-01
1.66000E+02 -2.639367981E+02 6.19199E-02
1.67000E+02 -2.631130676E+02 9.25803E-02
1.68000E+02 -2.622893372E+02 9.81346E-02
1.69000E+02 -2.614656067E+02 8.61739E-03
1.70000E+02 -2.606418762E+02 7.63354E-02
1.71000E+02 -2.598181152E+02 1.80552E-02
1.72000E+02 -2.589943848E+02 7.93995E-02
1.73000E+02 -2.581706238E+02 4.51647E-02
1.74000E+02 -2.573468933E+02 1.29535E-01
1.75000E+02 -2.565231323E+02 3.02841E-02
1.76000E+02 -2.556993866E+02 -9.23198E-03
1.77000E+02 -2.548756409E+02 3.94606E-02
1.78000E+02 -2.540518799E+02 2.56132E-02
1.79000E+02 -2.532281189E+02 7.50768E-02
1.80000E+02 -2.524043579E+02 -5.85158E-02
1.81000E+02 -2.515805969E+02 8.94627E-03
1.82000E+02 -2.507568359E+02 4.76205E-03
1.83000E+02 -2.499330750E+02 1.35277E-02
1.84000E+02 -2.491092987E+02 5.56417E-02
1.85000E+02 -2.482855225E+02 5.77843E-02
1.86000E+02 -2.474617615E+02 3.30107E-02
1.87000E+02 -2.466379852E+02 -1.11228E-01
1.88000E+02 -2.458141937E+02 -7.94430E-03
1.89000E+02 -2.449904175E+02 -9.16137E-02
1.90000E+02 -2.441666412E+02 9.44554E-02
1.91000E+02 -2.433428497E+02 -1.09346E-01
1.92000E+02 -2.425190582E+02 -6.18960E-02
1.93000E+02 -2.416952667E+02 -8.89332E-02
1.94000E+02 -2.408714752E+02 -4.85012E-02
1.95000E+02 -2.400476837E+02 -3.27010E-02
1.96000E+02 -2.392238922E+02 -2.39912E-02
1.97000E+02 -2.384000854E+02 -1.64343E-02
1.98000E+02 -2.375762939E+02 -6.47986E-02
1.99000E+02 -2.367524872E+02 -8.99132E-02
2.00000E+02 -2.359286804E+02 -7.34461E-02
2.01000E+02 -2.351048737E+02 -6.93955E-02
2.02000E+02 -2.342810669E+02 3.06620E-02
2.03000E+02 -2.334572449E+02 -3.63892E-02
2.04000E+02 -2.326334381E+02 -1.31366E-02
2.05000E+02 -2.318096161E+02 1.14639E-02
2.06000E+02 -2.309858093E+02 4.50567E-02
2.07000E+02 -2.301619873E+02 -2.31608E-02
2.08000E+02 -2.293381500E+02 3.18586E-02
2.09000E+02 -2.285143280E+02 1.50849E-02
2.10000E+02 -2.276905060E+02 -3.52063E-02
2.11000E+02 -2.268666687E+02 -3.44491E-02
2.12000E+02 -2.260428467E+02 1.15993E-03
2.13000E+02 -2.252190094E+02 3.45169E-02
2.14000E+02 -2.243951721E+02 -6.59779E-02
2.15000E+02 -2.235713196E+02 -1.41019E-02
2.16000E+02 -2.227474823E+02 -9.15600E-02
2.17000E+02 -2.219236450E+02 6.52155E-02
2.18000E+02 -2.210997925E+02 -9.03793E-02
2.19000E+02 -2.202759399E+02 8.93397E-02
2.20000E+02 -2.194521027E+02 1.99625E-02
2.21000E+02 -2.186282349E+02 3.53468E-02
2.22000E+02 -2.178043823E+02 -2.29084E-02
2.23000E+02 -2.169805298E+02 -2.93971E-02
2.24000E+02 -2.161566620E+02 5.97455E-02
2.25000E+02 -2.153328094E+02 -9.32566E-02
2.26000E+02 -2.145089417E+02 -4.33752E-02
2.27000E+02 -2.136850739E+02 -2.66953E-02
2.28000E+02 -2.128612061E+02 8.49636E-02
2.29000E+02 -2.120373383E+02 -1.12371E-01
2.30000E+02 -2.112134552E+02 1.02893E-01
2.31000E+02 -2.103895874E+02 3.28928E-02
2.32000E+02 -2.095657043E+02 1.07044E-02
2.33000E+02 -2.087418213E+02 3.24372E-02
2.34000E+02 -2.079179382E+02 -1.88518E-01
2.35000E+02 -2.070940552E+02 -8.64823E-02
2.36000E+02 -2.062701721E+02 1.39830E-02
2.37000E+02 -2.054462891E+02 3.52382E-02
2.38000E+02 -2.046223907E+02 -2.47627E-02
2.39000E+02 -2.037984924E+02 4.26659E-02
2.40000E+02 -2.029745941E+02 -5.73770E-02
2.41000E+02 -2.021506958E+02 6.76326E-02
2.42000E+02 -2.013267975E+02 4.68227E-02
2.43000E+02 -2.005028992E+02 -5.89867E-02
2.44000E+02 -1.996789856E+02 -4.09104E-02
2.45000E+02 -1.988550873E+02 1.88412E-02
2.46000E+02 -1.980311737E+02 -2.30639E-03
2.47000E+02 -1.972072601E+02 1.42236E-01
2.48000E+02 -1.963833466E+02 -5.65148E-02
2.49000E+02 -1.955594330E+02 6.78236E-02
2.50000E+02 -1.947355194E+02 -1.22763E-01
2.51000E+02 -1.939115906E+02 -3.44195E-02
2.52000E+02 -1.930876617E+02 -8.11150E-02
2.53000E+02 -1.922637482E+02 5.79735E-02
2.54000E+02 -1.914398193E+02 8.58696E-02
2.55000E+02 -1.906158905E+02 3.82205E-02
2.56000E+02 -1.897919464E+02 8.83326E-02
2.57000E+02 -1.889680176E+02 -7.97288E-02
2.58000E+02 -1.881440735E+02 -7.63449E-02
2.59000E+02 -1.873201447E+02 -5.39737E-03
2.60000E+02 -1.864962006E+02 -2.57162E-02
2.61000E+02 -1.856722565E+02 -6.05017E-02
2.62000E+02 -1.848483124E+02 8.15275E-02
2.63000E+02 -1.840243683E+02 3.42686E-02
2.64000E+02 -1.832004089E+02 5.85331E-02
2.65000E+02 -1.823764648E+02 -3.25538E-03
2.66000E+02 -1.815525055E+02 -2.46540E-03
2.67000E+02 -1.807285461E+02 -5.76003E-02
2.68000E+02 -1.799045868E+02 4.63716E-02
2.69000E+02 -1.790806274E+02 3.57507E-02
2.70000E+02 -1.782566528E+02 4.97451E-02
2.71000E+02 -1.774326935E+02 -9.06449E-03
2.72000E+02 -1.766087189E+02 7.72437E-02
2.73000E+02 -1.757847595E+02 3.47653E-02
2.74000E+02 -1.749607849E+02 -7.28382E-02
2.75000E+02 -1.741368103E+02 8.99065E-02
2.76000E+02 -1.733128204E+02 2.37724E-02
2.77000E+02 -1.724888458E+02 -8.02469E-02
2.78000E+02 -1.716648560E+02 -2.16391E-02
2.79000E+02 -1.708408813E+02 9.28784E-03
2.80000E+02 -1.700168915E+02 6.06870E-02
2.81000E+02 -1.691929016E+02 5.16209E-03
2.82000E+02 -1.683689117E+02 3.50284E-02
2.83000E+02 -1.675449219E+02 -7.25247E-03
2.84000E+02 -1.667209167E+02 -3.46210E-02
2.85000E+02 -1.658969269E+02 2.30691E-02
2.86000E+02 -1.650729218E+02 1.04551E-01
2.87000E+02 -1.642489166E+02 4.61437E-02
2.88000E+02 -1.634249115E+02 5.46837E-02
2.89000E+02 -1.626009064E+02 -1.33486E-01
2.90000E+02 -1.617769012E+02 6.42721E-02
2.91000E+02 -1.609528809E+02 1.32313E-01
2.92000E+02 -1.601288757E+02 -6.38631E-03
2.93000E+02 -1.593048553E+02 1.51924E-01
2.94000E+02 -1.584808350E+02 1.02289E-01
2.95000E+02 -1.576568146E+02 1.00146E-02
2.96000E+02 -1.568327942E+02 -9.40161E-04
2.97000E+02 -1.560087585E+02 1.13017E-01
2.98000E+02 -1.551847382E+02 9.49269E-02
2.99000E+02 -1.543607025E+02 -9.89848E-03
3.00000E+02 -1.535366821E+02 2.94387E-02
3.01000E+02 -1.527126465E+02 4.49605E-02
3.02000E+02 -1.518886108E+02 -4.23537E-02
3.03000E+02 -1.510645599E+02 9.73349E-02
3.04000E+02 -1.502405243E+02 4.29841E-02
3.05000E+02 -1.494164734E+02 -7.09184E-03
3.06000E+02 -1.485924377E+02 3.21244E-02
3.07000E+02 -1.477683868E+02 -6.09028E-02
3.08000E+02 -1.469443359E+02 3.28603E-02
3.09000E+02 -1.461202850E+02 -4.32402E-02
3.10000E+02 -1.452962341E+02 -5.29664E-02
3.11000E+02 -1.444721680E+02 1.97405E-02
3.12000E+02 -1.436481171E+02 6.59961E-02
3.13000E+02 -1.428240509E+02 3.18238E-02
3.14000E+02 -1.419999847E+02 4.74830E-02
3.15000E+02 -1.411759186E+02 -8.23105E-02
3.16000E+02 -1.403518524E+02 2.82684E-02
3.17000E+02 -1.395277863E+02 1.04062E-02
3.18000E+02 -1.387037048E+02 1.85121E-03
3.19000E+02 -1.378796387E+02 6.29308E-03
3.20000E+02 -1.370555573E+02 8.48957E-02
3.21000E+02 -1.362314758E+02 -1.09474E-01
3.22000E+02 -1.354073944E+02 -3.56557E-03
3.23000E+02 -1.345833130E+02 -5.07985E-02
3.24000E+02 -1.337592163E+02 1.70190E-02
3.25000E+02 -1.329351349E+02 -5.65226E-02
3.26000E+02 -1.321110382E+02 2.56941E-02
3.27000E+02 -1.312869415E+02 1.38580E-01
3.28000E+02 -1.304628448E+02 -5.81584E-02
3.29000E+02 -1.296387482E+02 2.05066E-02
3.30000E+02 -1.288146515E+02 4.73484E-02
3.31000E+02 -1.279905472E+02 8.34925E-02
3.32000E+02 -1.271664429E+02 8.64929E-02
3.33000E+02 -1.263423386E+02 1.10881E-01
3.34000E+02 -1.255182266E+02 -4.75784E-02
3.35000E+02 -1.246941147E+02 1.75037E-02
3.36000E+02 -1.238700027E+02 3.37143E-02
3.37000E+02 -1.230458908E+02 -1.63362E-03
3.38000E+02 -1.222217712E+02 -1.28877E-03
3.39000E+02 -1.213976517E+02 1.21247E-01
3.40000E+02 -1.205735245E+02 -6.13650E-02
3.41000E+02 -1.197493973E+02 1.26373E-01
3.42000E+02 -1.189252701E+02 1.67212E-02
3.43000E+02 -1.181011429E+02 1.14756E-01
3.44000E+02 -1.172770081E+02 1.04458E-01
3.45000E+02 -1.164528732E+02 1.28330E-01
3.46000E+02 -1.156287384E+02 2.95118E-02
3.47000E+02 -1.148046036E+02 9.00548E-02
3.48000E+02 -1.139804611E+02 6.51366E-02
3.49000E+02 -1.131563187E+02 1.05333E-01
3.50000E+02 -1.123321686E+02 7.07974E-02
3.51000E+02 -1.115080261E+02 1.19239E-01
3.52000E+02 -1.106838684E+02 8.83595E-02
3.53000E+02 -1.098597183E+02 1.69599E-01
3.54000E+02 -1.090355682E+02 -3.20784E-02
3.55000E+02 -1.082114105E+02 8.59114E-02
3.56000E+02 -1.073872452E+02 9.59538E-02
3.57000E+02 -1.065630875E+02 1.09734E-01
3.58000E+02 -1.057389221E+02 6.28980E-02
3.59000E+02 -1.049147568E+02 1.61407E-01
3.60000E+02 -1.040905914E+02 1.04736E-01
3.61000E+02 -1.032664185E+02 1.20014E-01
3.62000E+02 -1.024422455E+02 1.80372E-01
3.63000E+02 -1.016180725E+02 2.63581E-01
3.64000E+02 -1.007938919E+02 1.29159E-01
3.65000E+02 -9.996971130E+01 2.91376E-01
3.66000E+02 -9.914553070E+01 1.59278E-01
3.67000E+02 -9.832135010E+01 1.97602E-01
3.68000E+02 -9.749716187E+01 2.42530E-01
3.69000E+02 -9.667297363E+01 3.34742E-01
3.70000E+02 -9.584877777E+01 4.59929E-01
3.71000E+02 -9.502458954E+01 4.28577E-01
3.72000E+02 -9.420039368E+01 5.13684E-01
3.73000E+02 -9.337619781E+01 5.78797E-01
3.74000E+02 -9.255199432E+01 7.37899E-01
3.75000E+02 -9.172779083E+01 8.08778E-01
3.76000E+02 -9.090358734E+01 8.92643E-01
3.77000E+02 -9.007938385E+01 1.14021E+00
3.78000E+02 -8.925517273E+01 1.23184E+00
3.79000E+02 -8.843096161E+01 1.48203E+00
3.80000E+02 -8.760674286E+01 1.71897E+00
3.81000E+02 -8.678253174E+01 2.10337E+00
3.82000E+02 -8.595831299E+01 2.49524E+00
3.83000E+02 -8.513409424E+01 2.81724E+00
3.84000E+02 -8.430986786E+01 3.45157E+00
3.85000E+02 -8.348564148E+01 3.85458E+00
3.86000E+02 -8.266141510E+01 4.39738E+00
3.87000E+02 -8.183718872E+01 4.74994E+00
3.88000E+02 -8.101295471E+01 5.66225E+00
3.89000E+02 -8.018872070E+01 6.09489E+00
3.90000E+02 -7.936448669E+01 6.69221E+00
3.91000E+02 -7.854024506E+01 7.20493E+00
3.92000E+02 -7.771600342E+01 7.72781E+00
3.93000E+02 -7.689176178E+01 7.95826E+00
3.94000E+02 -7.606752014E+01 8.44944E+00
3.95000E+02 -7.524327087E+01 8.84729E+00
3.96000E+02 -7.441902161E+01 9.54406E+00
3.97000E+02 -7.359476471E+01 1.01538E+01
3.98000E+02 -7.277051544E+01 1.08829E+01
3.99000E+02 -7.194625854E+01 1.15689E+01
4.00000E+02 -7.112199402E+01 1.27276E+01
4.01000E+02 -7.029773712E+01 1.41193E+01
4.02000E+02 -6.947347260E+01 1.56862E+01
4.03000E+02 -6.864920807E+01 1.76618E+01
4.04000E+02 -6.782493591E+01 2.06235E+01
4.05000E+02 -6.700066376E+01 2.41590E+01
4.06000E+02 -6.617639160E+01 2.84302E+01
4.07000E+02 -6.535211945E+01 3.36575E+01
4.08000E+02 -6.452783966E+01 3.94568E+01
4.09000E+02 -6.370356369E+01 4.39056E+01
4.10000E+02 -6.287928009E+01 4.84521E+01
4.11000E+02 -6.205499649E+01 5.13695E+01
4.12000E+02 -6.123070908E+01 5.32770E+01
4.13000E+02 -6.040642166E+01 5.65866E+01
4.14000E+02 -5.958213043E+01 5.98273E+01
4.15000E+02 -5.875783920E+01 6.38686E+01
4.16000E+02 -5.793354416E+01 6.87711E+01
4.17000E+02 -5.710924530E+01 7.36044E+01
4.18000E+02 -5.628494644E+01 7.83147E+01
4.19000E+02 -5.546064377E+01 8.28620E+01
4.20000E+02 -5.463634109E+01 8.70308E+01
4.21000E+02 -5.381203461E+01 9.05920E+01
4.22000E+02 -5.298772430E+01 9.49844E+01
4.23000E+02 -5.216341400E+01 9.79055E+01
4.24000E+02 -5.133909988E+01 9.97656E+01
4.25000E+02 -5.051478195E+01 1.00984E+02
4.26000E+02 -4.969046402E+01 1.02794E+02
4.27000E+02 -4.886614609E+01 1.04430E+02
4.28000E+02 -4.804182434E+01 1.05744E+02
4.29000E+02 -4.721749878E+01 1.06640E+02
4.30000E+02 -4.639316940E+01 1.07130E+02
4.31000E+02 -4.556884003E+01 1.07250E+02
4.32000E+02 -4.474451065E+01 1.06841E+02
4.33000E+02 -4.392017746E+01 1.05733E+02
4.34000E+02 -4.309584045E+01 1.04894E+02
4.35000E+02 -4.227150345E+01 1.04606E+02
4.36000E+02 -4.144716263E+01 1.04305E+02
4.37000E+02 -4.062281799E+01 1.03357E+02
4.38000E+02 -3.979847336E+01 1.02040E+02
4.39000E+02 -3.897412491E+01 1.02809E+02
4.40000E+02 -3.814977646E+01 1.01868E+02
4.41000E+02 -3.732542419E+01 1.01304E+02
4.42000E+02 -3.650106812E+01 1.00722E+02
4.43000E+02 -3.567671204E+01 9.96513E+01
4.44000E+02 -3.485235596E+01 9.96755E+01
4.45000E+02 -3.402799225E+01 9.82675E+01
4.46000E+02 -3.320362854E+01 9.57427E+01
4.47000E+02 -3.237926483E+01 9.42283E+01
4.48000E+02 -3.155489540E+01 9.08402E+01
4.49000E+02 -3.073052597E+01 8.66788E+01
4.50000E+02 -2.990615463E+01 8.15531E+01
4.51000E+02 -2.908177948E+01 7.61494E+01
4.52000E+02 -2.825740242E+01 7.11217E+01
4.53000E+02 -2.743302345E+01 6.76504E+01
4.54000E+02 -2.660864067E+01 6.47545E+01
4.55000E+02 -2.578425789E+01 6.25304E+01
4.56000E+02 -2.495987129E+01 6.10699E+01
4.57000E+02 -2.413548279E+01 5.93375E+01
4.58000E+02 -2.331109238E+01 5.80085E+01
4.59000E+02 -2.248670006E+01 5.53583E+01
4.60000E+02 -2.166230583E+01 5.31989E+01
4.61000E+02 -2.083790779E+01 4.99123E+01
4.62000E+02 -2.001350784E+01 4.58046E+01
4.63000E+02 -1.918910599E+01 3.94314E+01
4.64000E+02 -1.836470222E+01 3.37034E+01
4.65000E+02 -1.754029655E+01 2.99938E+01
4.66000E+02 -1.671588707E+01 2.74685E+01
4.67000E+02 -1.589147568E+01 2.59332E+01
4.68000E+02 -1.506706238E+01 2.42692E+01
4.69000E+02 -1.424264717E+01 2.28691E+01
4.70000E+02 -1.341823006E+01 2.29968E+01
4.71000E+02 -1.259381008E+01 2.36933E+01
4.72000E+02 -1.176938725E+01 2.58338E+01
4.73000E+02 -1.094496250E+01 2.95318E+01
4.74000E+02 -1.012053585E+01 3.57841E+01
4.75000E+02 -9.296107292E+00 4.32299E+01
4.76000E+02 -8.471675873E+00 5.14998E+01
4.77000E+02 -7.647242069E+00 6.06303E+01
4.78000E+02 -6.822805882E+00 6.88175E+01
4.79000E+02 -5.998367786E+00 7.31427E+01
4.80000E+02 -5.173927307E+00 7.22761E+01
4.81000E+02 -4.349484921E+00 6.74966E+01
4.82000E+02 -3.525039911E+00 6.33318E+01
4.83000E+02 -2.700592518E+00 5.95981E+01
4.84000E+02 -1.876143098E+00 5.62104E+01
4.85000E+02 -1.051691413E+00 5.23784E+01
4.86000E+02 -2.272373587E-01 4.72379E+01
4.87000E+02 5.972189307E-01 4.19747E+01
4.88000E+02 1.421677470E+00 3.66629E+01
4.89000E+02 2.246138334E+00 3.31792E+01
4.90000E+02 3.070601463E+00 2.95032E+01
4.91000E+02 3.895066738E+00 2.59525E+01
4.92000E+02 4.719534397E+00 2.26447E+01
4.93000E+02 5.544004440E+00 1.93957E+01
4.94000E+02 6.368476391E+00 1.61846E+01
4.95000E+02 7.192950726E+00 1.38479E+01
4.96000E+02 8.017427444E+00 1.23043E+01
4.97000E+02 8.841906548E+00 1.16364E+01
4.98000E+02 9.666387558E+00 1.10729E+01
4.99000E+02 1.049087143E+01 1.09132E+01
5.00000E+02 1.131535721E+01 1.07917E+01
5.01000E+02 1.213984489E+01 1.08765E+01
5.02000E+02 1.296433544E+01 1.08265E+01
5.03000E+02 1.378882790E+01 1.11625E+01
5.04000E+02 1.461332321E+01 1.14753E+01
5.05000E+02 1.543781948E+01 1.16834E+01
5.06000E+02 1.626231956E+01 1.22115E+01
5.07000E+02 1.708682060E+01 1.25299E+01
5.08000E+02 1.791132545E+01 1.28908E+01
5.09000E+02 1.873583031E+01 1.36139E+01
5.10000E+02 1.956033897E+01 1.40948E+01
5.11000E+02 2.038484955E+01 1.45390E+01
5.12000E+02 2.120936394E+01 1.52344E+01
5.13000E+02 2.203387833E+01 1.62300E+01
5.14000E+02 2.285839653E+01 1.69726E+01
5.15000E+02 2.368291473E+01 1.78017E+01
5.16000E+02 2.450743675E+01 1.87232E+01
5.17000E+02 2.533196259E+01 1.98006E+01
5.18000E+02 2.615648842E+01 2.08255E+01
5.19000E+02 2.698101807E+01 2.23478E+01
5.20000E+02 2.780554771E+01 2.37687E+01
5.21000E+02 2.863008118E+01 2.56837E+01
5.22000E+02 2.945461655E+01 2.76609E+01
5.23000E+02 3.027915573E+01 3.00535E+01
5.24000E+02 3.110369492E+01 3.28734E+01
5.25000E+02 3.192823792E+01 3.60868E+01
5.26000E+02 3.275278091E+01 4.02647E+01
5.27000E+02 3.357733154E+01 4.46098E+01
5.28000E+02 3.440187836E+01 4.77201E+01
5.29000E+02 3.522642899E+01 5.11861E+01
5.30000E+02 3.605098343E+01 5.46055E+01
5.31000E+02 3.687554169E+01 5.68243E+01
5.32000E+02 3.770009995E+01 5.77457E+01
5.33000E+02 3.852465820E+01 5.59483E+01
5.34000E+02 3.934922028E+01 5.33494E+01
5.35000E+02 4.017378616E+01 4.88196E+01
5.36000E+02 4.099835587E+01 4.38963E+01
5.37000E+02 4.182292557E+01 4.10398E+01
5.38000E+02 4.264749527E+01 3.85226E+01
5.39000E+02 4.347206879E+01 3.60345E+01
5.40000E+02 4.429664612E+01 3.28444E+01
5.41000E+02 4.512122726E+01 2.86883E+01
5.42000E+02 4.594580841E+01 2.49960E+01
5.43000E+02 4.677038956E+01 2.20458E+01
5.44000E+02 4.759497452E+01 1.88385E+01
5.45000E+02 4.841956329E+01 1.69541E+01
5.46000E+02 4.924415207E+01 1.58020E+01
5.47000E+02 5.006874466E+01 1.55310E+01
5.48000E+02 5.089334106E+01 1.51496E+01
5.49000E+02 5.171793747E+01 1.58760E+01
5.50000E+02 5.254253769E+01 1.61819E+01
5.51000E+02 5.336713791E+01 1.67249E+01
5.52000E+02 5.419174194E+01 1.70528E+01
5.53000E+02 5.501634598E+01 1.81512E+01
5.54000E+02 5.584095383E+01 1.91674E+01
5.55000E+02 5.666556549E+01 2.00070E+01
5.56000E+02 5.749017715E+01 2.17893E+01
5.57000E+02 5.831479263E+01 2.35155E+01
5.58000E+02 5.913941193E+01 2.59680E+01
5.59000E+02 5.996403122E+01 2.85445E+01
5.60000E+02 6.078865051E+01 2.91183E+01
5.61000E+02 6.161327744E+01 2.94672E+01
5.62000E+02 6.243790436E+01 2.89068E+01
5.63000E+02 6.326253128E+01 2.70864E+01
5.64000E+02 6.408715820E+01 2.53788E+01
5.65000E+02 6.491179657E+01 2.28576E+01
5.66000E+02 6.573642731E+01 2.16251E+01
5.67000E+02 6.656106567E+01 2.09731E+01
5.68000E+02 6.738571167E+01 2.08240E+01
5.69000E+02 6.821035004E+01 2.14084E+01
5.70000E+02 6.903499603E+01 2.18509E+01
5.71000E+02 6.985964203E+01 2.25675E+01
5.72000E+02 7.068428802E+01 2.33228E+01
5.73000E+02 7.150894165E+01 2.39382E+01
5.74000E+02 7.233359528E+01 2.49044E+01
5.75000E+02 7.315824890E+01 2.61617E+01
5.76000E+02 7.398291016E+01 2.71900E+01
5.77000E+02 7.480757141E+01 2.73134E+01
5.78000E+02 7.563223267E+01 2.72250E+01
5.79000E+02 7.645689392E+01 2.72244E+01
5.80000E+02 7.728156281E+01 2.71858E+01
5.81000E+02 7.810623169E+01 2.72843E+01
5.82000E+02 7.893090820E+01 2.74414E+01
5.83000E+02 7.975557709E+01 2.83106E+01
5.84000E+02 8.058025360E+01 2.88479E+01
5.85000E+02 8.140493774E+01 3.02492E+01
5.86000E+02 8.222961426E+01 3.13984E+01
5.87000E+02 8.305429840E+01 3.27440E+01
5.88000E+02 8.387898254E+01 3.41773E+01
5.89000E+02 8.470367432E+01 3.43037E+01
5.90000E+02 8.552835846E+01 3.30563E+01
5.91000E+02 8.635305023E+01 3.06102E+01
5.92000E+02 8.717774963E+01 2.71795E+01
5.93000E+02 8.800244141E+01 2.39844E+01
5.94000E+02 8.882714081E+01 2.20824E+01
5.95000E+02 8.965184021E+01 2.05900E+01
5.96000E+02 9.047654724E+01 1.94678E+01
5.97000E+02 9.130125427E+01 1.86102E+01
5.98000E+02 9.212596130E+01 1.81873E+01
5.99000E+02 9.295066833E+01 1.81665E+01
6.00000E+02 9.377538300E+01 1.71349E+01
6.01000E+02 9.460009766E+01 1.58719E+01
6.02000E+02 9.542481232E+01 1.47303E+01
6.03000E+02 9.624953461E+01 1.34523E+01
6.04000E+02 9.707425690E+01 1.21657E+01
6.05000E+02 9.789897919E+01 1.08436E+01
6.06000E+02 9.872370911E+01 1.02077E+01
6.07000E+02 9.954843140E+01 9.94190E+00
6.08000E+02 1.003731613E+02 9.53581E+00
6.09000E+02 1.011978989E+02 9.27946E+00
6.10000E+02 1.020226364E+02 8.59056E+00
6.11000E+02 1.028473740E+02 7.98184E+00
6.12000E+02 1.036721115E+02 7.34556E+00
6.13000E+02 1.044968491E+02 6.63053E+00
6.14000E+02 1.053215942E+02 5.95691E+00
6.15000E+02 1.061463394E+02 5.25559E+00
6.16000E+02 1.069710922E+02 4.41910E+00
6.17000E+02 1.077958450E+02 4.01748E+00
6.18000E+02 1.086205978E+02 3.50347E+00
6.19000E+02 1.094453506E+02 3.15936E+00
6.20000E+02 1.102701111E+02 2.68304E+00
6.21000E+02 1.110948715E+02 2.43739E+00
6.22000E+02 1.119196320E+02 2.12437E+00
6.23000E+02 1.127444000E+02 1.77928E+00
6.24000E+02 1.135691605E+02 1.61265E+00
6.25000E+02 1.143939362E+02 1.43933E+00
6.26000E+02 1.152187042E+02 1.25603E+00
6.27000E+02 1.160434799E+02 1.03740E+00
6.28000E+02 1.168682556E+02 8.53289E-01
6.29000E+02 1.176930313E+02 8.54088E-01
6.30000E+02 1.185178146E+02 6.91184E-01
6.31000E+02 1.193425980E+02 6.50972E-01
6.32000E+02 1.201673813E+02 4.48100E-01
6.33000E+02 1.209921646E+02 4.12811E-01
6.34000E+02 1.218169556E+02 3.16653E-01
6.35000E+02 1.226417465E+02 1.89104E-01
6.36000E+02 1.234665451E+02 2.78921E-01
6.37000E+02 1.242913361E+02 1.86451E-01
6.38000E+02 1.251161346E+02 1.10888E-01
6.39000E+02 1.259409409E+02 1.00242E-01
6.40000E+02 1.267657394E+02 1.87837E-01
6.41000E+02 1.275905457E+02 1.03120E-02
6.42000E+02 1.284153595E+02 -2.80480E-02
6.43000E+02 1.292401733E+02 8.65946E-02
6.44000E+02 1.300649719E+02 2.05212E-02
6.45000E+02 1.308897858E+02 -8.69481E-03
6.46000E+02 1.317146149E+02 2.58361E-02
6.47000E+02 1.325394287E+02 -2.52031E-02
6.48000E+02 1.333642426E+02 -4.51230E-03
6.49000E+02 1.341890717E+02 1.27726E-01
6.50000E+02 1.350139008E+02 6.48737E-02
6.51000E+02 1.358387299E+02 -7.87243E-02
6.52000E+02 1.366635590E+02 -1.81256E-02
6.53000E+02 1.374883881E+02 -9.22608E-02
6.54000E+02 1.383132324E+02 2.81108E-02
6.55000E+02 1.391380615E+02 6.24660E-02
6.56000E+02 1.399629059E+02 -7.18321E-02
6.57000E+02 1.407877502E+02 1.54077E-01
6.58000E+02 1.416125946E+02 6.53160E-02
6.59000E+02 1.424374390E+02 -6.66033E-03
6.60000E+02 1.432622833E+02 -5.52098E-02
6.61000E+02 1.440871277E+02 -2.65340E-02
6.62000E+02 1.449119873E+02 -1.94654E-02
6.63000E+02 1.457368469E+02 -2.44532E-03
6.64000E+02 1.465617065E+02 -3.75668E-02
6.65000E+02 1.473865662E+02 -1.94789E-01
6.66000E+02 1.482114258E+02 -1.41129E-01
6.67000E+02 1.490362854E+02 -1.78656E-02
6.68000E+02 1.498611450E+02 -4.46930E-02
6.69000E+02 1.506860199E+02 1.89299E-02
6.70000E+02 1.515108948E+02 -8.22415E-02
6.71000E+02 1.523357697E+02 2.85317E-02
6.72000E+02 1.531606445E+02 -3.65219E-02
6.73000E+02 1.539855194E+02 6.68968E-02
6.74000E+02 1.548103943E+02 -7.18147E-02
6.75000E+02 1.556352844E+02 -5.91999E-02
6.76000E+02 1.564601746E+02 6.78111E-02
6.77000E+02 1.572850494E+02 -3.26669E-02
6.78000E+02 1.581099396E+02 -1.20837E-02
6.79000E+02 1.589348297E+02 -3.61554E-02
6.80000E+02 1.597597351E+02 3.47207E-02
6.81000E+02 1.605846252E+02 -1.28352E-01
6.82000E+02 1.614095306E+02 8.68334E-02
6.83000E+02 1.622344208E+02 -4.25575E-02
6.84000E+02 1.630593262E+02 -1.14193E-01
6.85000E+02 1.638842316E+02 6.81733E-02
6.86000E+02 1.647091370E+02 -8.58549E-02
6.87000E+02 1.655340576E+02 3.84855E-02
6.88000E+02 1.663589630E+02 -5.20693E-03
6.89000E+02 1.671838837E+02 -3.53298E-02
6.90000E+02 1.680087891E+02 -5.60786E-02
6.91000E+02 1.688337097E+02 -3.75757E-02
6.92000E+02 1.696586304E+02 -1.30563E-02
6.93000E+02 1.704835510E+02 6.00201E-03
6.94000E+02 1.713084869E+02 -1.32596E-01
6.95000E+02 1.721334076E+02 9.64556E-02
6.96000E+02 1.729583435E+02 4.67310E-02
6.97000E+02 1.737832794E+02 -1.45061E-02
6.98000E+02 1.746082001E+02 -9.39980E-02
6.99000E+02 1.754331512E+02 9.24906E-03
7.00000E+02 1.762580872E+02 -9.45200E-02
7.01000E+02 1.770830231E+02 -1.18679E-01
7.02000E+02 1.779079742E+02 -1.23837E-01
7.03000E+02 1.787329102E+02 8.92629E-02
7.04000E+02 1.795578613E+02 9.18370E-02
7.05000E+02 1.803828125E+02 3.24145E-03
7.06000E+02 1.812077637E+02 -7.03768E-04
7.07000E+02 1.820327148E+02 8.53172E-02
7.08000E+02 1.828576813E+02 -9.16581E-02
7.09000E+02 1.836826324E+02 -7.19279E-02
7.10000E+02 1.845075989E+02 -5.58364E-02
7.11000E+02 1.853325653E+02 -1.34536E-01
7.12000E+02 1.861575317E+02 9.95877E-02
7.13000E+02 1.869824982E+02 -6.98119E-02
7.14000E+02 1.878074646E+02 4.10117E-02
7.15000E+02 1.886324463E+02 -4.43466E-02
7.16000E+02 1.894574127E+02 -8.87873E-03
7.17000E+02 1.902823944E+02 -8.23304E-02
7.18000E+02 1.911073761E+02 3.35066E-03
7.19000E+02 1.919323578E+02 2.47217E-02
7.20000E+02 1.927573395E+02 -5.88093E-02
7.21000E+02 1.935823364E+02 -3.22531E-02
7.22000E+02 1.944073181E+02 8.41659E-03
7.23000E+02 1.952323151E+02 -4.20973E-02
7.24000E+02 1.960573120E+02 1.87762E-03
7.25000E+02 1.968822937E+02 -5.83689E-02
7.26000E+02 1.977073059E+02 -6.79108E-02
7.27000E+02 1.985323029E+02 -5.86035E-02
7.28000E+02 1.993572998E+02 9.66432E-02
7.29000E+02 2.001823120E+02 -1.10841E-01
7.30000E+02 2.010073090E+02 -6.60468E-02
7.31000E+02 2.018323212E+02 -6.70082E-02
7.32000E+02 2.026573334E+02 -1.30740E-01
7.33000E+02 2.034823456E+02 -1.19194E-01
7.34000E+02 2.043073730E+02 -1.39023E-02
7.35000E+02 2.051323853E+02 -2.97061E-02
7.36000E+02 2.059574127E+02 1.34577E-02
7.37000E+02 2.067824249E+02 1.04285E-01
7.38000E+02 2.076074524E+02 -4.60532E-03
7.39000E+02 2.084324799E+02 -5.53182E-02
7.40000E+02 2.092575073E+02 2.23884E-02
7.41000E+02 2.100825500E+02 -9.80546E-03
7.42000E+02 2.109075775E+02 5.24519E-02
7.43000E+02 2.117326202E+02 -2.73477E-02
7.44000E+02 2.125576477E+02 2.55130E-02
7.45000E+02 2.133826904E+02 -3.56572E-02
7.46000E+02 2.142077332E+02 1.10203E-02
7.47000E+02 2.150327911E+02 -1.83101E-01
7.48000E+02 2.158578339E+02 -7.18682E-02
7.49000E+02 2.166828766E+02 -2.88168E-02
7.50000E+02 2.175079346E+02 -9.36195E-03
7.51000E+02 2.183329926E+02 -8.97863E-02
7.52000E+02 2.191580505E+02 4.52817E-02
7.53000E+02 2.199831085E+02 -7.71407E-03
7.54000E+02 2.208081665E+02 3.47062E-03
7.55000E+02 2.216332397E+02 -6.36546E-02
7.56000E+02 2.224582977E+02 -2.61171E-03
7.57000E+02 2.232833710E+02 -2.58441E-02
7.58000E+02 2.241084442E+02 -8.87571E-03
7.59000E+02 2.249335175E+02 -5.77210E-02
7.60000E+02 2.257585907E+02 -1.50929E-01
7.61000E+02 2.265836639E+02 -2.92938E-02
7.62000E+02 2.274087372E+02 -5.32164E-02
7.63000E+02 2.282338257E+02 8.62545E-02
7.64000E+02 2.290589142E+02 -1.85525E-02
7.65000E+02 2.298840027E+02 -4.46087E-03
7.66000E+02 2.307090912E+02 8.05107E-02
7.67000E+02 2.315341797E+02 -4.91836E-02
7.68000E+02 2.323592682E+02 -2.81531E-02
7.69000E+02 2.331843719E+02 -2.52098E-02
7.70000E+02 2.340094604E+02 -9.02431E-02
7.71000E+02 2.348345642E+02 -5.10922E-02
7.72000E+02 2.356596680E+02 -3.33921E-02
7.73000E+02 2.364847717E+02 6.38832E-02
7.74000E+02 2.373098755E+02 -7.86080E-03
7.75000E+02 2.381349945E+02 4.45854E-02
7.76000E+02 2.389600983E+02 9.47971E-02
7.77000E+02 2.397852173E+02 1.02390E-02
7.78000E+02 2.406103210E+02 -1.47704E-02
7.79000E+02 2.414354401E+02 -3.35516E-02
7.80000E+02 2.422605743E+02 -9.10678E-02
7.81000E+02 2.430856934E+02 -6.68903E-02
7.82000E+02 2.439108124E+02 2.33293E-02
7.83000E+02 2.447359467E+02 1.57395E-01
7.84000E+02 2.455610657E+02 -1.05950E-01
7.85000E+02 2.463862000E+02 -5.04734E-03
7.86000E+02 2.472113342E+02 -1.25269E-01
7.87000E+02 2.480364685E+02 3.41255E-02
7.88000E+02 2.488616180E+02 -1.09609E-01
7.89000E+02 2.496867523E+02 2.56322E-02
7.90000E+02 2.505119019E+02 -7.13826E-04
7.91000E+02 2.513370514E+02 -6.30352E-02
7.92000E+02 2.521621857E+02 -1.30446E-03
7.93000E+02 2.529873352E+02 9.74310E-02
7.94000E+02 2.538125000E+02 -6.43916E-02
7.95000E+02 2.546376495E+02 -8.19917E-02
7.96000E+02 2.554627991E+02 -6.25490E-02
7.97000E+02 2.562879639E+02 -5.77940E-02
7.98000E+02 2.571131287E+02 1.91422E-02
7.99000E+02 2.579382935E+02 -3.86699E-02
8.00000E+02 2.587634583E+02 -2.10565E-02
8.01000E+02 2.595886230E+02 -9.70626E-02
8.02000E+02 2.604137878E+02 -6.78503E-04
8.03000E+02 2.612389526E+02 -1.03033E-01
8.04000E+02 2.620641479E+02 -5.97493E-03
8.05000E+02 2.628893127E+02 -3.23843E-02
8.06000E+02 2.637145081E+02 -2.94509E-02
8.07000E+02 2.645396729E+02 2.85530E-02
8.08000E+02 2.653648682E+02 7.68092E-02
8.09000E+02 2.661900635E+02 -1.94855E-02
8.10000E+02 2.670152283E+02 -8.72223E-02
8.11000E+02 2.678404236E+02 -1.47811E-01
8.12000E+02 2.686656189E+02 -4.56347E-02
8.13000E+02 2.694908142E+02 -2.49862E-02
8.14000E+02 2.703160095E+02 8.62447E-02
8.15000E+02 2.711412048E+02 4.31902E-03
8.16000E+02 2.719664307E+02 -1.43143E-01
8.17000E+02 2.727916260E+02 4.42789E-02
8.18000E+02 2.736168213E+02 2.03277E-02
8.19000E+02 2.744420471E+02 -3.83626E-02
8.20000E+02 2.752672424E+02 -8.80937E-02
8.21000E+02 2.760924683E+02 4.77607E-02
8.22000E+02 2.769176941E+02 2.96663E-02
8.23000E+02 2.777428894E+02 -1.33602E-01
8.24000E+02 2.785681152E+02 1.02859E-01
8.25000E+02 2.793933411E+02 -5.45264E-02
8.26000E+02 2.802185669E+02 -7.26210E-02
8.27000E+02 2.810437927E+02 -8.95446E-02
8.28000E+02 2.818690186E+02 -2.10235E-02
8.29000E+02 2.826942444E+02 2.73727E-02
8.30000E+02 2.835195007E+02 7.10549E-03
8.31000E+02 2.843447266E+02 5.70218E-02
8.32000E+02 2.851699524E+02 2.49412E-02
8.33000E+02 2.859952087E+02 -6.27947E-02
8.34000E+02 2.868204346E+02 7.94074E-02
8.35000E+02 2.876456909E+02 2.89407E-02
8.36000E+02 2.884709473E+02 -5.21075E-02
8.37000E+02 2.892962036E+02 -8.67269E-02
8.38000E+02 2.901214294E+02 6.25163E-02
8.39000E+02 2.909466858E+02 4.53750E-02
8.40000E+02 2.917719421E+02 -1.04682E-01
8.41000E+02 2.925971985E+02 -7.08381E-02
8.42000E+02 2.934224854E+02 3.94268E-02
8.43000E+02 2.942477417E+02 1.22837E-02
8.44000E+02 2.950729980E+02 9.55396E-02
8.45000E+02 2.958982849E+02 -3.68633E-02
8.46000E+02 2.967235413E+02 3.18332E-02
8.47000E+02 2.975488281E+02 3.38664E-02
8.48000E+02 2.983740845E+02 8.19871E-02
8.49000E+02 2.991993713E+02 1.65911E-02
8.50000E+02 3.000246582E+02 -8.62840E-03
8.51000E+02 3.008499146E+02 -1.22781E-02
8.52000E+02 3.016752014E+02 2.24446E-02
8.53000E+02 3.025004883E+02 -1.67809E-02
8.54000E+02 3.033257751E+02 -8.02134E-03
8.55000E+02 3.041510620E+02 -5.80049E-02
8.56000E+02 3.049763794E+02 3.61341E-02
8.57000E+02 3.058016663E+02 -1.15675E-01
8.58000E+02 3.066269531E+02 -1.60228E-03
8.59000E+02 3.074522705E+02 -7.15060E-02
8.60000E+02 3.082775574E+02 3.14177E-02
8.61000E+02 3.091028748E+02 4.00896E-02
8.62000E+02 3.099281616E+02 -8.33405E-03
8.63000E+02 3.107534790E+02 -7.96661E-02
8.64000E+02 3.115787964E+02 2.06204E-02
8.65000E+02 3.124041138E+02 1.17059E-01
8.66000E+02 3.132294312E+02 -8.63029E-02
8.67000E+02 3.140547485E+02 2.96789E-02
8.68000E+02 3.148800659E+02 -2.35021E-02
8.69000E+02 3.157053833E+02 -4.17664E-02
8.70000E+02 3.165307007E+02 -5.36498E-02
8.71000E+02 3.173560486E+02 -3.87167E-02
8.72000E+02 3.181813660E+02 -9.79014E-03
8.73000E+02 3.190066833E+02 8.74693E-03
8.74000E+02 3.198320312E+02 -1.12125E-02
8.75000E+02 3.206573792E+02 -3.31573E-02
8.76000E+02 3.214826965E+02 -4.65098E-02
8.77000E+02 3.223080444E+02 3.63637E-02
8.78000E+02 3.231333923E+02 -5.23284E-02
8.79000E+02 3.239587402E+02 -1.04301E-01
8.80000E+02 3.247840881E+02 2.65419E-03
8.81000E+02 3.256094360E+02 2.91116E-02
8.82000E+02 3.264347839E+02 -1.09045E-01
8.83000E+02 3.272601318E+02 4.48325E-02
8.84000E+02 3.280854797E+02 -6.07513E-02
8.85000E+02 3.289108582E+02 -1.53882E-02
8.86000E+02 3.297362061E+02 1.74897E-02
8.87000E+02 3.305615845E+02 -1.09329E-01
8.88000E+02 3.313869324E+02 -3.59895E-02
8.89000E+02 3.322123108E+02 -3.87183E-02
8.90000E+02 3.330376892E+02 -3.22147E-02
8.91000E+02 3.338630371E+02 -9.10561E-02
8.92000E+02 3.346884155E+02 -1.71246E-02
8.93000E+02 3.355137939E+02 -8.32202E-03
8.94000E+02 3.363391724E+02 -9.43705E-02
8.95000E+02 3.371645508E+02 2.96329E-02
8.96000E+02 3.379899597E+02 -3.33141E-02
8.97000E+02 3.388153381E+02 1.15431E-02
8.98000E+02 3.396407166E+02 1.07347E-02
8.99000E+02 3.404660950E+02 3.88551E-02
9.00000E+02 3.412915039E+02 1.58922E-02
9.01000E+02 3.421168823E+02 -1.73083E-02
9.02000E+02 3.429422913E+02 -7.32335E-03
9.03000E+02 3.437677002E+02 -1.22848E-01
9.04000E+02 3.445931091E+02 -2.47042E-03
9.05000E+02 3.454184875E+02 -4.92152E-02
9.06000E+02 3.462438965E+02 -2.27716E-02
9.07000E+02 3.470693054E+02 -5.26349E-02
9.08000E+02 3.478947144E+02 1.89131E-02
9.09000E+02 3.487201233E+02 -9.84170E-02
9.10000E+02 3.495455627E+02 -5.40965E-02
9.11000E+02 3.503709717E+02 -3.67697E-03
9.12000E+02 3.511963806E+02 3.93479E-02
9.13000E+02 3.520218201E+02 6.35218E-02
9.14000E+02 3.528472290E+02 -3.22390E-02
9.15000E+02 3.536726685E+02 4.71518E-02
9.16000E+02 3.544981079E+02 7.41152E-02
9.17000E+02 3.553235168E+02 -5.43704E-03
9.18000E+02 3.561489563E+02 -4.11143E-02
9.19000E+02 3.569743958E+02 -2.74861E-02
9.20000E+02 3.577998352E+02 3.76761E-02
9.21000E+02 3.586252747E+02 -6.64910E-02
9.22000E+02 3.594507141E+02 -7.16903E-02
9.23000E+02 3.602761536E+02 -8.19871E-02
9.24000E+02 3.611015930E+02 -2.80437E-02
9.25000E+02 3.619270630E+02 -3.82846E-03
9.26000E+02 3.627525024E+02 -4.79059E-02
9.27000E+02 3.635779724E+02 -1.37943E-02
9.28000E+02 3.644034119E+02 -9.13970E-02
9.29000E+02 3.652288818E+02 7.13184E-02
9.30000E+02 3.660543518E+02 -1.68594E-02
9.31000E+02 3.668797913E+02 -1.01102E-02
9.32000E+02 3.677052612E+02 -1.20278E-01
9.33000E+02 3.685307312E+02 -2.96690E-02
9.34000E+02 3.693562012E+02 3.71374E-02
9.35000E+02 3.701816711E+02 -1.01317E-02
9.36000E+02 3.710071411E+02 -4.07312E-02
9.37000E+02 3.718326111E+02 1.92701E-02
9.38000E+02 3.726581116E+02 -8.91713E-02
9.39000E+02 3.734835815E+02 -9.98269E-02
9.40000E+02 3.743090820E+02 -2.33069E-02
9.41000E+02 3.751345520E+02 -9.37188E-02
9.42000E+02 3.759600525E+02 2.44884E-02
9.43000E+02 3.767855225E+02 -6.94129E-02
9.44000E+02 3.776110229E+02 -2.83680E-02
9.45000E+02 3.784365234E+02 -3.44679E-03
9.46000E+02 3.792620239E+02 1.61643E-02
9.47000E+02 3.800875244E+02 5.95088E-02
9.48000E+02 3.809130249E+02 -1.16405E-02
9.49000E+02 3.817385254E+02 -7.74001E-03
9.50000E+02 3.825640259E+02 -8.45351E-02
9.51000E+02 3.833895264E+02 2.52475E-02
9.52000E+02 3.842150574E+02 -1.93504E-02
9.53000E+02 3.850405579E+02 -6.13394E-02
9.54000E+02 3.858660889E+02 3.24014E-02
9.55000E+02 3.866915894E+02 -1.31206E-01
9.56000E+02 3.875171204E+02 -1.52009E-02
9.57000E+02 3.883426208E+02 5.48362E-03
9.58000E+02 3.891681519E+02 2.26074E-02
9.59000E+02 3.899936829E+02 2.94557E-02
9.60000E+02 3.908192139E+02 2.60531E-02
9.61000E+02 3.916447449E+02 1.17180E-02
9.62000E+02 3.924702759E+02 -2.06367E-02
9.63000E+02 3.932958069E+02 7.15948E-02
9.64000E+02 3.941213379E+02 -3.07564E-02
9.65000E+02 3.949468994E+02 -7.28112E-02
9.66000E+02 3.957724304E+02 5.95370E-02
9.67000E+02 3.965979919E+02 1.33810E-02
9.68000E+02 3.974235229E+02 -6.21186E-03
9.69000E+02 3.982490845E+02 4.36323E-02
9.70000E+02 3.990746155E+02 -5.57659E-02
9.71000E+02 3.999001770E+02 -7.91017E-02
9.72000E+02 4.007257385E+02 4.12918E-02
9.73000E+02 4.015513000E+02 -1.26333E-01
9.74000E+02 4.023768616E+02 -2.09987E-02
9.75000E+02 4.032024231E+02 -1.12797E-01
9.76000E+02 4.040279846E+02 5.59395E-03
9.77000E+02 4.048535461E+02 -5.97918E-02
9.78000E+02 4.056791077E+02 8.24992E-02
9.79000E+02 4.065046997E+02 -1.10742E-01
9.80000E+02 4.073302612E+02 1.49563E-02
9.81000E+02 4.081558533E+02 -6.44028E-02
9.82000E+02 4.089814148E+02 -2.99863E-02
9.83000E+02 4.098070068E+02 1.33532E-02
9.84000E+02 4.106325684E+02 -3.90742E-02
9.85000E+02 4.114581604E+02 4.85730E-03
9.86000E+02 4.122837524E+02 7.00454E-02
9.87000E+02 4.131093445E+02 1.01274E-01
9.88000E+02 4.139349365E+02 8.35336E-02
9.89000E+02 4.147605286E+02 3.56191E-02
9.90000E+02 4.155861206E+02 -9.72862E-02
9.91000E+02 4.164117432E+02 1.40253E-01
9.92000E+02 4.172373352E+02 -3.72801E-02
9.93000E+02 4.180629272E+02 9.16544E-02
9.94000E+02 4.188885498E+02 2.94376E-02
9.95000E+02 4.197141418E+02 7.70691E-03
9.96000E+02 4.205397644E+02 -2.65959E-02
9.97000E+02 4.213653564E+02 3.63673E-03
9.98000E+02 4.221909790E+02 1.65698E-01
9.99000E+02 4.230166016E+02 6.21538E-02
1.00000E+03 4.238422241E+02 9.97418E-02
1.00100E+03 4.246678467E+02 4.04798E-02
1.00200E+03 4.254934692E+02 3.14622E-02
1.00300E+03 4.263190918E+02 -1.82155E-02
1.00400E+03 4.271447144E+02 5.51397E-02
1.00500E+03 4.279703674E+02 3.00363E-02
1.00600E+03 4.287959900E+02 -9.71473E-02
1.00700E+03 4.296216125E+02 -1.07042E-02
1.00800E+03 4.304472656E+02 1.75727E-02
1.00900E+03 4.312728882E+02 -8.40453E-02
1.01000E+03 4.320985413E+02 -1.94021E-02
1.01100E+03 4.329241943E+02 1.05218E-01
1.01200E+03 4.337498169E+02 5.94500E-02
1.01300E+03 4.345754700E+02 4.80610E-02
1.01400E+03 4.354011230E+02 -2.46791E-02
1.01500E+03 4.362267761E+02 1.24709E-02
1.01600E+03 4.370524292E+02 -1.34470E-02
1.01700E+03 4.378781128E+02 8.06321E-02
1.01800E+03 4.387037659E+02 -4.05568E-02
1.01900E+03 4.395294189E+02 6.60468E-02
1.02000E+03 4.403550720E+02 -2.75685E-02
1.02100E+03 4.411807556E+02 -3.80671E-02
1.02200E+03 4.420064087E+02 -2.76161E-02
1.02300E+03 4.428320923E+02 4.56187E-02
1.02400E+03 4.436577759E+02 -6.84928E-02
1.02500E+03 4.444834290E+02 1.17193E-01
1.02600E+03 4.453091125E+02 1.07098E-01
1.02700E+03 4.461347961E+02 1.12774E-01
1.02800E+03 4.469604797E+02 8.99555E-02
1.02900E+03 4.477861633E+02 1.37082E-01
1.03000E+03 4.486118469E+02 -7.30080E-02
1.03100E+03 4.494375610E+02 3.65928E-02
1.03200E+03 4.502632446E+02 -4.20763E-02
1.03300E+03 4.510889282E+02 1.73679E-01
1.03400E+03 4.519146423E+02 -7.17257E-02
1.03500E+03 4.527403259E+02 6.12935E-02
1.03600E+03 4.535660400E+02 -2.00480E-02
1.03700E+03 4.543917236E+02 -1.88625E-02
1.03800E+03 4.552174377E+02 1.04421E-01
1.03900E+03 4.560431519E+02 -7.58218E-02
1.04000E+03 4.568688660E+02 3.71279E-02
1.04100E+03 4.576945801E+02 -9.12604E-02
1.04200E+03 4.585202942E+02 -1.39243E-01
1.04300E+03 4.593460083E+02 4.63259E-02
1.04400E+03 4.601717224E+02 1.14782E-02
1.04500E+03 4.609974365E+02 5.53608E-02
1.04600E+03 4.618231812E+02 -2.12213E-02
1.04700E+03 4.626488953E+02 -6.19701E-02
1.04800E+03 4.634746094E+02 8.82577E-02
1.04900E+03 4.643003540E+02 1.37817E-02
1.05000E+03 4.651260986E+02 -6.80154E-02
1.05100E+03 4.659518127E+02 2.41654E-02
1.05200E+03 4.667775574E+02 1.10600E-01
1.05300E+03 4.676033020E+02 1.69781E-03
1.05400E+03 4.684290466E+02 2.16201E-02
1.05500E+03 4.692547913E+02 1.04057E-01
1.05600E+03 4.700805359E+02 -7.36655E-03
1.05700E+03 4.709062805E+02 8.24147E-02
1.05800E+03 4.717320251E+02 6.91013E-02
1.05900E+03 4.725577698E+02 -6.42830E-03
1.06000E+03 4.733835449E+02 -9.09111E-02
1.06100E+03 4.742092896E+02 1.21737E-01
1.06200E+03 4.750350647E+02 2.72200E-02
1.06300E+03 4.758608093E+02 9.55156E-02
1.06400E+03 4.766865845E+02 -5.90938E-02
1.06500E+03 4.775123596E+02 -3.65710E-02
1.06600E+03 4.783381042E+02 -5.28577E-02
1.06700E+03 4.791638794E+02 4.37218E-02
1.06800E+03 4.799896545E+02 7.74179E-02
1.06900E+03 4.808154297E+02 6.64143E-02
1.07000E+03 4.816412048E+02 2.58172E-02
1.07100E+03 4.824670105E+02 1.25456E-01
1.07200E+03 4.832927856E+02 -1.01344E-01
1.07300E+03 4.841185608E+02 2.36325E-02
1.07400E+03 4.849443359E+02 1.81298E-01
1.07500E+03 4.857701416E+02 4.39836E-03
1.07600E+03 4.865959473E+02 -2.12940E-02
1.07700E+03 4.874217224E+02 6.12932E-02
1.07800E+03 4.882475281E+02 4.14294E-02
1.07900E+03 4.890733337E+02 2.49930E-03
1.08000E+03 4.898991089E+02 -7.65885E-02
1.08100E+03 4.907249146E+02 4.68769E-02
1.08200E+03 4.915507202E+02 1.27506E-02
1.08300E+03 4.923765259E+02 5.44024E-03
1.08400E+03 4.932023621E+02 3.84240E-02
1.08500E+03 4.940281677E+02 1.74337E-02
1.08600E+03 4.948539734E+02 9.94547E-02
1.08700E+03 4.956797791E+02 2.64008E-02
1.08800E+03 4.965056152E+02 -1.04827E-01
1.08900E+03 4.973314209E+02 5.07170E-02
1.09000E+03 4.981572571E+02 -1.04320E-01
1.09100E+03 4.989830933E+02 -1.79071E-01
1.09200E+03 4.998088989E+02 1.23285E-03
1.09300E+03 5.006347351E+02 5.82579E-02


