
Channel      Spectral axis      Intensity
2.00000E+00      1.426437744E+03    4.98673E-02
3.00000E+00      1.426375244E+03   -5.02335E-02
4.00000E+00      1.426312744E+03    7.55028E-02
5.00000E+00      1.426250244E+03   -2.15461E-02
6.00000E+00      1.426187744E+03    6.31428E-02
7.00000E+00      1.426125244E+03   -1.69683E-02
8.00000E+00      1.426062744E+03    1.46184E-02
9.00000E+00      1.426000244E+03   -1.86162E-03
1.00000E+01      1.425937744E+03   -1.46794E-02
1.10000E+01      1.425875366E+03   -2.31940E-03
1.20000E+01      1.425812744E+03    2.27058E-02
1.30000E+01      1.425750244E+03    3.02134E-03
1.40000E+01      1.425687744E+03    3.26243E-02
1.50000E+01      1.425625244E+03   -1.46794E-02
1.60000E+01      1.425562744E+03    1.53813E-02
1.70000E+01      1.425500244E+03    7.29393E-03
1.80000E+01      1.425437744E+03    2.56050E-02
1.90000E+01      1.425375244E+03    3.93690E-03
2.00000E+01      1.425312744E+03    6.68356E-03
2.10000E+01      1.425250244E+03   -4.91347E-03
2.20000E+01      1.425187744E+03   -1.36112E-02
2.30000E+01      1.425125244E+03   -1.89520E-02
2.40000E+01      1.425062744E+03    2.71616E-03
2.50000E+01      1.425000244E+03    2.37739E-02
2.60000E+01      1.424937744E+03    1.95013E-02
2.70000E+01      1.424875244E+03   -2.74972E-02
2.80000E+01      1.424812744E+03    2.63680E-02
2.90000E+01      1.424750244E+03    2.41097E-03
3.00000E+01      1.424687744E+03   -1.22379E-02
3.10000E+01      1.424625244E+03   -1.70903E-03
3.20000E+01      1.424562744E+03   -1.68157E-02
3.30000E+01      1.424500244E+03   -1.25431E-02
3.40000E+01      1.424437744E+03    2.24006E-02
3.50000E+01      1.424375244E+03   -3.20749E-02
3.60000E+01      1.424312744E+03    1.75176E-02
3.70000E+01      1.424250244E+03    1.64801E-03
3.80000E+01      1.424187744E+03    6.68356E-03
3.90000E+01      1.424125244E+03    1.32450E-02
4.00000E+01      1.424062744E+03    3.14036E-02
4.10000E+01      1.424000244E+03   -1.10172E-02
4.20000E+01      1.423937744E+03    8.66727E-03
4.30000E+01      1.423875244E+03   -6.40878E-04
4.40000E+01      1.423812744E+03    3.87280E-02
4.50000E+01      1.423750244E+03   -9.49125E-03
4.60000E+01      1.423687744E+03    3.32653E-03
4.70000E+01      1.423625244E+03    1.29399E-02
4.80000E+01      1.423562744E+03    4.08949E-03
4.90000E+01      1.423500244E+03    3.17394E-03
5.00000E+01      1.423437744E+03   -1.75787E-02
5.10000E+01      1.423375244E+03    1.40080E-02
5.20000E+01      1.423312744E+03    3.03354E-02
5.30000E+01      1.423250244E+03   -1.49846E-02
5.40000E+01      1.423187744E+03    9.73542E-03
5.50000E+01      1.423125244E+03   -2.27668E-02
5.60000E+01      1.423062744E+03   -1.68157E-02
5.70000E+01      1.423000244E+03   -1.71209E-02
5.80000E+01      1.422937744E+03   -5.21865E-03
5.90000E+01      1.422875244E+03   -3.49742E-02
6.00000E+01      1.422812744E+03    1.95013E-02
6.10000E+01      1.422750244E+03   -9.94902E-03
6.20000E+01      1.422687744E+03    1.64801E-03
6.30000E+01      1.422625244E+03   -2.29194E-02
6.40000E+01      1.422562744E+03    1.98065E-02
6.50000E+01      1.422500244E+03   -1.25431E-02
6.60000E+01      1.422437744E+03    1.82806E-02
6.70000E+01      1.422375244E+03   -3.61949E-02
6.80000E+01      1.422312744E+03   -5.52384E-03
6.90000E+01      1.422250244E+03   -4.76088E-03
7.00000E+01      1.422187744E+03    6.07319E-03
7.10000E+01      1.422125244E+03   -2.29194E-02
7.20000E+01      1.422062744E+03    1.40080E-02
7.30000E+01      1.422000244E+03   -4.01623E-02
7.40000E+01      1.421937744E+03    2.62154E-02
7.50000E+01      1.421875244E+03   -1.62053E-02
7.60000E+01      1.421812744E+03   -2.26142E-02
7.70000E+01      1.421750244E+03   -1.22379E-02
7.80000E+01      1.421687744E+03    5.84124E-02
7.90000E+01      1.421625244E+03   -3.87890E-02
8.00000E+01      1.421562744E+03    5.67339E-02
8.10000E+01      1.421500244E+03   -5.20646E-02
8.20000E+01      1.421437744E+03   -1.66631E-02
8.30000E+01      1.421375244E+03    6.68356E-03
8.40000E+01      1.421312744E+03   -2.18512E-02
8.50000E+01      1.421250244E+03    1.96539E-02
8.60000E+01      1.421187744E+03    8.13013E-02
8.70000E+01      1.421125244E+03   -2.10303E-01
8.80000E+01      1.421062744E+03    4.12122E-01
8.90000E+01      1.421000244E+03   -4.45143E-01
9.00000E+01      1.420937744E+03    2.77993E-01
9.10000E+01      1.420875244E+03    2.95724E-02
9.20000E+01      1.420812744E+03   -1.37809E+00
9.30000E+01      1.420750244E+03    2.63952E+00
9.40000E+01      1.420687744E+03   -1.30561E+00
9.50000E+01      1.420625244E+03    2.06714E+00
9.60000E+01      1.420562744E+03    3.84408E+00
9.70000E+01      1.420500244E+03   -2.99741E+00
9.80000E+01      1.420437744E+03    1.06596E+01
9.90000E+01      1.420375244E+03    1.10880E+01
1.00000E+02      1.420312744E+03    7.88107E+00
1.01000E+02      1.420250244E+03    2.43725E+01
1.02000E+02      1.420187744E+03    2.85819E+01
1.03000E+02      1.420125244E+03    4.84310E+00
1.04000E+02      1.420062744E+03   -2.17600E+00
1.05000E+02      1.420000244E+03    5.02591E+00
1.06000E+02      1.419937744E+03    6.79385E+00
1.07000E+02      1.419875244E+03    1.13892E+00
1.08000E+02      1.419812744E+03   -1.53542E+00
1.09000E+02      1.419750244E+03    9.41923E-01
1.10000E+02      1.419687744E+03   -6.02008E-01
1.11000E+02      1.419625244E+03    3.73058E-01
1.12000E+02      1.419562744E+03   -1.93060E-01
1.13000E+02      1.419500244E+03    7.67235E-02
1.14000E+02      1.419437744E+03   -3.84532E-03
1.15000E+02      1.419375244E+03   -1.95624E-02
1.16000E+02      1.419312744E+03    2.20954E-02
1.17000E+02      1.419250244E+03    1.56865E-02
1.18000E+02      1.419187744E+03   -2.85653E-02
1.19000E+02      1.419125244E+03    2.04169E-02
1.20000E+02      1.419062744E+03   -3.34483E-02
1.21000E+02      1.419000244E+03    1.64495E-02
1.22000E+02      1.418937744E+03   -1.42216E-02
1.23000E+02      1.418875244E+03   -1.98675E-02
1.24000E+02      1.418812744E+03   -3.38754E-03
1.25000E+02      1.418750244E+03    2.36213E-02
1.26000E+02      1.418687744E+03   -2.10883E-02
1.27000E+02      1.418625244E+03    3.72021E-02
1.28000E+02      1.418562744E+03   -3.77209E-02
1.29000E+02      1.418500244E+03   -5.37125E-03
1.30000E+02      1.418437744E+03   -1.92572E-02
1.31000E+02      1.418375244E+03   -7.35495E-03
1.32000E+02      1.418312744E+03   -5.52384E-03
1.33000E+02      1.418250244E+03    2.25838E-03
1.34000E+02      1.418187744E+03    1.19023E-03
1.35000E+02      1.418125244E+03    2.97250E-02
1.36000E+02      1.418062744E+03   -4.07727E-02
1.37000E+02      1.418000244E+03    2.57576E-02
1.38000E+02      1.417937744E+03    2.25838E-03
1.39000E+02      1.417875244E+03    2.46895E-02
1.40000E+02      1.417812744E+03   -2.47199E-03
1.41000E+02      1.417750244E+03    3.24717E-02
1.42000E+02      1.417687744E+03    1.80060E-03
1.43000E+02      1.417625244E+03    2.81991E-02
1.44000E+02      1.417562744E+03   -1.49846E-02
1.45000E+02      1.417500244E+03   -2.76498E-02
1.46000E+02      1.417437744E+03   -3.39061E-02
1.47000E+02      1.417375244E+03   -1.54424E-02
1.48000E+02      1.417312744E+03   -2.36824E-02
1.49000E+02      1.417250244E+03   -4.91347E-03
1.50000E+02      1.417187744E+03   -7.66013E-03
1.51000E+02      1.417125244E+03   -5.06606E-03
1.52000E+02      1.417062744E+03   -2.21564E-02
1.53000E+02      1.417000244E+03    3.67443E-02
1.54000E+02      1.416937744E+03   -1.48320E-02
1.55000E+02      1.416875244E+03    6.07319E-03
1.56000E+02      1.416812744E+03   -1.25125E-03
1.57000E+02      1.416750244E+03   -1.95624E-02
1.58000E+02      1.416687744E+03   -3.11594E-02
1.59000E+02      1.416625244E+03    6.07319E-03
1.60000E+02      1.416562744E+03   -1.13224E-02
1.61000E+02      1.416500244E+03    4.54421E-02
1.62000E+02      1.416437744E+03    7.59912E-03
1.63000E+02      1.416375244E+03    1.22085E-04
1.64000E+02      1.416312744E+03    7.75171E-03
1.65000E+02      1.416250244E+03   -4.60828E-03
1.66000E+02      1.416187744E+03   -1.97149E-02
1.67000E+02      1.416125244E+03    4.51369E-02
1.68000E+02      1.416062744E+03    1.09562E-02
1.69000E+02      1.416000244E+03    3.01828E-02
1.70000E+02      1.415937744E+03   -1.36112E-02
1.71000E+02      1.415875244E+03    2.10273E-02
1.72000E+02      1.415812744E+03   -1.83100E-04
1.73000E+02      1.415750244E+03   -1.40690E-02
1.74000E+02      1.415687744E+03   -2.21564E-02
1.75000E+02      1.415625244E+03    1.06510E-02
1.76000E+02      1.415562744E+03   -3.80260E-02
1.77000E+02      1.415500244E+03   -9.49125E-03
1.78000E+02      1.415437744E+03    2.85043E-02
1.79000E+02      1.415375244E+03    3.81176E-02
1.80000E+02      1.415312744E+03   -1.86162E-03
1.81000E+02      1.415250244E+03    1.09562E-02
1.82000E+02      1.415187744E+03   -1.83416E-02
1.83000E+02      1.415125244E+03   -3.35692E-04
1.84000E+02      1.415062744E+03    5.76801E-03
1.85000E+02      1.415000244E+03    1.75176E-02
1.86000E+02      1.414937744E+03   -4.10779E-02
1.87000E+02      1.414875244E+03   -2.16986E-02
1.88000E+02      1.414812744E+03    5.79863E-04
1.89000E+02      1.414750244E+03    7.59912E-03
1.90000E+02      1.414687744E+03    1.53813E-02
1.91000E+02      1.414625244E+03    9.12505E-03
1.92000E+02      1.414562744E+03   -1.97149E-02
1.93000E+02      1.414500244E+03    1.29399E-02
1.94000E+02      1.414437744E+03   -9.33865E-03
1.95000E+02      1.414375244E+03    1.84332E-02
1.96000E+02      1.414312744E+03   -8.27050E-03
1.97000E+02      1.414250244E+03    1.43132E-02
1.98000E+02      1.414187744E+03   -1.86162E-03
1.99000E+02      1.414125244E+03   -2.00201E-02
2.00000E+02      1.414062744E+03    1.15665E-02
2.01000E+02      1.414000244E+03   -4.60828E-03
2.02000E+02      1.413937744E+03   -1.02542E-02
2.03000E+02      1.413875244E+03    3.24717E-02
2.04000E+02      1.413812744E+03    5.79863E-04
2.05000E+02      1.413750244E+03    6.37838E-03
2.06000E+02      1.413687744E+03   -3.40586E-02
2.07000E+02      1.413625244E+03    1.59917E-02
2.08000E+02      1.413562744E+03    2.86875E-03
2.09000E+02      1.413500244E+03   -1.25125E-03
2.10000E+02      1.413437744E+03   -1.57475E-02
2.11000E+02      1.413375244E+03    2.49947E-02
2.12000E+02      1.413312744E+03   -5.82902E-03
2.13000E+02      1.413250244E+03   -3.23495E-03
2.14000E+02      1.413187744E+03   -3.69273E-03
2.15000E+02      1.413125244E+03   -3.08236E-03
2.16000E+02      1.413062744E+03   -5.82902E-03
2.17000E+02      1.413000244E+03   -2.31940E-03
2.18000E+02      1.412937744E+03   -6.89717E-03
2.19000E+02      1.412875244E+03    8.97245E-03
2.20000E+02      1.412812744E+03   -5.06606E-03
2.21000E+02      1.412750244E+03    6.98875E-03
2.22000E+02      1.412687744E+03   -2.44453E-02
2.23000E+02      1.412625244E+03   -1.70903E-03
2.24000E+02      1.412562744E+03   -3.05073E-05
2.25000E+02      1.412500244E+03   -9.46063E-04
2.26000E+02      1.412437744E+03   -2.06305E-02
2.27000E+02      1.412375244E+03    8.05690E-03
2.28000E+02      1.412312744E+03   -2.77717E-03
2.29000E+02      1.412250244E+03   -9.49125E-03
2.30000E+02      1.412187744E+03    2.10579E-03
2.31000E+02      1.412125244E+03    7.90431E-03
2.32000E+02      1.412062744E+03   -1.07120E-02
2.33000E+02      1.412000244E+03   -5.37125E-03
2.34000E+02      1.411937744E+03   -2.36824E-02
2.35000E+02      1.411875244E+03    2.59102E-02
2.36000E+02      1.411812744E+03    4.08949E-03
2.37000E+02      1.411750244E+03   -4.60828E-03
2.38000E+02      1.411687744E+03   -1.70903E-03
2.39000E+02      1.411625244E+03    5.92060E-03
2.40000E+02      1.411562744E+03   -1.31535E-02
2.41000E+02      1.411500244E+03   -2.41401E-02
2.42000E+02      1.411437744E+03   -1.16275E-02
2.43000E+02      1.411375244E+03    1.56865E-02
2.44000E+02      1.411312744E+03    2.69784E-02
2.45000E+02      1.411250244E+03    1.76702E-02
2.46000E+02      1.411187744E+03    1.72125E-02
2.47000E+02      1.411125244E+03   -3.35692E-04
2.48000E+02      1.411062744E+03    1.00406E-02
2.49000E+02      1.411000244E+03    1.64495E-02
2.50000E+02      1.410937744E+03   -1.42216E-02
2.51000E+02      1.410875244E+03   -5.67643E-03
2.52000E+02      1.410812744E+03   -3.99791E-03
2.53000E+02      1.410750244E+03    1.98065E-02
2.54000E+02      1.410687744E+03    1.49236E-02
2.55000E+02      1.410625244E+03    9.43023E-03
2.56000E+02      1.410562744E+03    3.07932E-02
2.57000E+02      1.410500244E+03    9.58282E-03
2.58000E+02      1.410437744E+03   -1.16275E-02
2.59000E+02      1.410375244E+03    6.98875E-03
2.60000E+02      1.410312744E+03   -1.23905E-02
2.61000E+02      1.410250244E+03    2.56050E-02
2.62000E+02      1.410187744E+03    5.92060E-03
2.63000E+02      1.410125244E+03   -1.31535E-02
2.64000E+02      1.410062744E+03   -1.20853E-02
2.65000E+02      1.410000244E+03    1.14139E-02
2.66000E+02      1.409937744E+03   -1.25431E-02
2.67000E+02      1.409875244E+03   -4.60828E-03
2.68000E+02      1.409812744E+03    1.44658E-02
2.69000E+02      1.409750244E+03    2.37739E-02
2.70000E+02      1.409687744E+03   -9.03347E-03
2.71000E+02      1.409625244E+03   -1.33061E-02
2.72000E+02      1.409562744E+03   -6.74458E-03
2.73000E+02      1.409500244E+03    3.63171E-03
2.74000E+02      1.409437744E+03    8.97245E-03
2.75000E+02      1.409375244E+03   -9.46063E-04
2.76000E+02      1.409312744E+03    7.29393E-03
2.77000E+02      1.409250244E+03    6.53097E-03
2.78000E+02      1.409187744E+03   -5.25223E-02
2.79000E+02      1.409125244E+03   -7.66013E-03
2.80000E+02      1.409062744E+03    6.53097E-03
2.81000E+02      1.409000244E+03   -1.89520E-02
2.82000E+02      1.408937744E+03   -8.11791E-03
2.83000E+02      1.408875244E+03   -1.07120E-02
2.84000E+02      1.408812744E+03    4.39468E-03
2.85000E+02      1.408750244E+03    2.66732E-02
2.86000E+02      1.408687744E+03   -1.40690E-02
2.87000E+02      1.408625244E+03   -3.23495E-03
2.88000E+02      1.408562744E+03   -3.69273E-03
2.89000E+02      1.408500244E+03    3.63171E-03
2.90000E+02      1.408437744E+03    9.73542E-03
2.91000E+02      1.408375244E+03   -2.68868E-02
2.92000E+02      1.408312744E+03    1.23295E-02
2.93000E+02      1.408250244E+03    2.52999E-02
2.94000E+02      1.408187744E+03   -6.39668E-02
2.95000E+02      1.408125244E+03   -4.01623E-02
2.96000E+02      1.408062744E+03   -4.45875E-02
2.97000E+02      1.408000244E+03    8.81986E-03
2.98000E+02      1.407937744E+03    1.01932E-02
2.99000E+02      1.407875244E+03    1.15665E-02
3.00000E+02      1.407812744E+03    3.62865E-02
3.01000E+02      1.407750244E+03    1.38554E-02
3.02000E+02      1.407687744E+03   -4.88285E-04
3.03000E+02      1.407625244E+03    2.56050E-02
3.04000E+02      1.407562744E+03    1.73650E-02
3.05000E+02      1.407500244E+03    5.00505E-03
3.06000E+02      1.407437744E+03    1.04984E-02
3.07000E+02      1.407375244E+03   -1.22379E-02
3.08000E+02      1.407312744E+03   -2.49031E-02
3.09000E+02      1.407250244E+03    2.34687E-02
3.10000E+02      1.407187744E+03    2.16376E-02
3.11000E+02      1.407125244E+03    2.10579E-03
3.12000E+02      1.407062744E+03    2.63680E-02
3.13000E+02      1.407000244E+03    3.29295E-02
3.14000E+02      1.406937744E+03    6.98875E-03
3.15000E+02      1.406875244E+03   -1.30009E-02
3.16000E+02      1.406812744E+03   -4.45569E-03
3.17000E+02      1.406750244E+03    1.59917E-02
3.18000E+02      1.406687744E+03   -6.28680E-03
3.19000E+02      1.406625244E+03   -7.35495E-03
3.20000E+02      1.406562744E+03    1.20243E-02
3.21000E+02      1.406500244E+03    1.70599E-02
3.22000E+02      1.406437744E+03    1.98065E-02
3.23000E+02      1.406375244E+03    2.68258E-02
3.24000E+02      1.406312744E+03   -2.31940E-03
3.25000E+02      1.406250244E+03   -2.65816E-02
3.26000E+02      1.406187744E+03    2.25838E-03
3.27000E+02      1.406125244E+03    3.17087E-02
3.28000E+02      1.406062744E+03   -1.25431E-02
3.29000E+02      1.406000244E+03   -3.11594E-02
3.30000E+02      1.405937744E+03   -3.54014E-03
3.31000E+02      1.405875244E+03   -2.61238E-02
3.32000E+02      1.405812744E+03    1.04984E-02
3.33000E+02      1.405750244E+03   -1.77312E-02
3.34000E+02      1.405687744E+03   -2.10883E-02
3.35000E+02      1.405625244E+03    1.46184E-02
3.36000E+02      1.405562744E+03   -2.38349E-02
3.37000E+02      1.405500244E+03    1.58391E-02
3.38000E+02      1.405437744E+03    2.86875E-03
3.39000E+02      1.405375244E+03   -3.43638E-02
3.40000E+02      1.405312744E+03    5.46282E-03
3.41000E+02      1.405250244E+03   -1.37638E-02
3.42000E+02      1.405187744E+03    1.88910E-02
3.43000E+02      1.405125244E+03    6.68356E-03
3.44000E+02      1.405062744E+03   -2.53609E-02
3.45000E+02      1.405000244E+03    1.04984E-02
3.46000E+02      1.404937744E+03    4.39468E-03
3.47000E+02      1.404875244E+03   -2.06305E-02
3.48000E+02      1.404812744E+03   -6.33564E-02
3.49000E+02      1.404750244E+03   -2.12409E-02
3.50000E+02      1.404687744E+03    1.06510E-02
3.51000E+02      1.404625244E+03   -1.14749E-02
3.52000E+02      1.404562744E+03   -2.97861E-02
3.53000E+02      1.404500244E+03   -2.62764E-02
3.54000E+02      1.404437744E+03    4.85245E-03
3.55000E+02      1.404375244E+03    3.02134E-03
3.56000E+02      1.404312744E+03   -2.61238E-02
3.57000E+02      1.404250244E+03   -1.95624E-02
3.58000E+02      1.404187744E+03    1.43132E-02
3.59000E+02      1.404125244E+03    1.56865E-02
3.60000E+02      1.404062744E+03    8.97245E-03
3.61000E+02      1.404000244E+03    1.03458E-02
3.62000E+02      1.403937744E+03   -3.38754E-03
3.63000E+02      1.403875244E+03   -2.09357E-02
3.64000E+02      1.403812744E+03   -1.83100E-04
3.65000E+02      1.403750244E+03    1.44658E-02
3.66000E+02      1.403687744E+03    3.32653E-03
3.67000E+02      1.403625244E+03   -7.50754E-03
3.68000E+02      1.403562744E+03   -5.82902E-03
3.69000E+02      1.403500244E+03   -2.21564E-02
3.70000E+02      1.403437744E+03    1.67547E-02
3.71000E+02      1.403375244E+03    1.26347E-02
3.72000E+02      1.403312744E+03   -5.06606E-03
3.73000E+02      1.403250244E+03   -2.52083E-02
3.74000E+02      1.403187744E+03   -2.50557E-02
3.75000E+02      1.403125244E+03    1.29399E-02
3.76000E+02      1.403062744E+03   -5.37125E-03
3.77000E+02      1.403000244E+03   -2.65816E-02
3.78000E+02      1.402937744E+03   -3.08236E-03
3.79000E+02      1.402875244E+03   -2.15461E-02
3.80000E+02      1.402812744E+03   -3.71105E-02
3.81000E+02      1.402750244E+03   -3.02438E-02
3.82000E+02      1.402687744E+03   -6.13421E-03
3.83000E+02      1.402625244E+03   -1.17801E-02
3.84000E+02      1.402562744E+03   -6.13421E-03
3.85000E+02      1.402500244E+03    1.09562E-02
3.86000E+02      1.402437744E+03    2.07221E-02
3.87000E+02      1.402375244E+03   -6.59199E-03
3.88000E+02      1.402312744E+03   -1.62053E-02
3.89000E+02      1.402250244E+03   -1.30009E-02
3.90000E+02      1.402187744E+03   -2.30720E-02
3.91000E+02      1.402125244E+03   -1.05594E-02
3.92000E+02      1.402062744E+03   -2.20038E-02
3.93000E+02      1.402000244E+03   -8.42310E-03
3.94000E+02      1.401937744E+03   -8.42310E-03
3.95000E+02      1.401875244E+03   -6.28680E-03
3.96000E+02      1.401812744E+03   -1.07120E-02
3.97000E+02      1.401750244E+03    4.54727E-03
3.98000E+02      1.401687744E+03    4.54727E-03
3.99000E+02      1.401625244E+03   -1.08646E-02
4.00000E+02      1.401562744E+03    1.76702E-02
4.01000E+02      1.401500244E+03   -2.99386E-02
4.02000E+02      1.401437744E+03   -1.08646E-02
4.03000E+02      1.401375244E+03   -1.04068E-02
4.04000E+02      1.401312744E+03   -2.81075E-02
4.05000E+02      1.401250244E+03    2.56050E-02
4.06000E+02      1.401187744E+03    1.59917E-02
4.07000E+02      1.401125244E+03   -8.27050E-03
4.08000E+02      1.401062744E+03   -8.88088E-03
4.09000E+02      1.401000244E+03    6.37838E-03
4.10000E+02      1.400937744E+03   -2.59712E-02
4.11000E+02      1.400875244E+03    1.49542E-03
4.12000E+02      1.400812744E+03   -1.28483E-02
4.13000E+02      1.400750244E+03   -1.11698E-02
4.14000E+02      1.400687744E+03    1.17191E-02
4.15000E+02      1.400625244E+03   -4.60828E-03
4.16000E+02      1.400562744E+03   -2.56661E-02
4.17000E+02      1.400500244E+03    7.59912E-03
4.18000E+02      1.400437744E+03    2.95724E-02
4.19000E+02      1.400375244E+03    8.85048E-04
4.20000E+02      1.400312744E+03    4.11695E-02
4.21000E+02      1.400250244E+03    4.22376E-02
4.22000E+02      1.400187744E+03   -1.97149E-02
4.23000E+02      1.400125244E+03    2.24006E-02
4.24000E+02      1.400062744E+03   -2.78024E-02
4.25000E+02      1.400000244E+03   -5.52690E-02
4.26000E+02      1.399937744E+03    2.72836E-02
4.27000E+02      1.399875244E+03   -1.28483E-02
4.28000E+02      1.399812744E+03    1.96539E-02
4.29000E+02      1.399750244E+03   -1.13224E-02
4.30000E+02      1.399687744E+03   -2.33772E-02
4.31000E+02      1.399625244E+03    6.83616E-03
4.32000E+02      1.399562744E+03    9.88801E-03
4.33000E+02      1.399500244E+03   -9.79643E-03
4.34000E+02      1.399437744E+03    1.82806E-02
4.35000E+02      1.399375244E+03    2.07221E-02
4.36000E+02      1.399312744E+03    2.97250E-02
4.37000E+02      1.399250244E+03   -1.30009E-02
4.38000E+02      1.399187744E+03   -2.81075E-02
4.39000E+02      1.399125244E+03    1.18717E-02
4.40000E+02      1.399062744E+03    1.73650E-02
4.41000E+02      1.399000244E+03    6.53097E-03
4.42000E+02      1.398937744E+03   -8.72828E-03
4.43000E+02      1.398875244E+03   -1.17801E-02
4.44000E+02      1.398812744E+03   -1.43742E-02
4.45000E+02      1.398750244E+03   -1.42216E-02
4.46000E+02      1.398687744E+03   -6.43939E-03
4.47000E+02      1.398625244E+03    1.15665E-02
4.48000E+02      1.398562744E+03   -1.87994E-02
4.49000E+02      1.398500244E+03   -3.78735E-02
4.50000E+02      1.398437744E+03   -8.57569E-03
4.51000E+02      1.398375244E+03   -6.59199E-03
4.52000E+02      1.398312744E+03   -1.55643E-03
4.53000E+02      1.398250244E+03   -2.18512E-02
4.54000E+02      1.398187744E+03   -3.40586E-02
4.55000E+02      1.398125244E+03    3.32653E-03
4.56000E+02      1.398062744E+03    2.10579E-03
4.57000E+02      1.398000244E+03    4.24208E-03
4.58000E+02      1.397937744E+03    2.41097E-03
4.59000E+02      1.397875244E+03   -1.72735E-02
4.60000E+02      1.397812744E+03    3.47912E-03
4.61000E+02      1.397750244E+03   -1.77312E-02
4.62000E+02      1.397687744E+03   -3.93994E-02
4.63000E+02      1.397625244E+03   -2.39875E-02
4.64000E+02      1.397562744E+03   -1.10172E-02
4.65000E+02      1.397500244E+03    1.26347E-02
4.66000E+02      1.397437744E+03    1.50762E-02
4.67000E+02      1.397375244E+03    4.85245E-03
4.68000E+02      1.397312744E+03    3.93690E-03
4.69000E+02      1.397250244E+03    1.34283E-03
4.70000E+02      1.397187744E+03   -2.71920E-02
4.71000E+02      1.397125244E+03   -7.66013E-03
4.72000E+02      1.397062744E+03    7.90431E-03
4.73000E+02      1.397000244E+03   -1.66631E-02
4.74000E+02      1.396937744E+03   -6.88497E-02
4.75000E+02      1.396875244E+03   -8.27050E-03
4.76000E+02      1.396812744E+03    1.75176E-02
4.77000E+02      1.396750244E+03   -2.03253E-02
4.78000E+02      1.396687744E+03   -3.52794E-02
4.79000E+02      1.396625244E+03   -1.26957E-02
4.80000E+02      1.396562744E+03   -8.72828E-03
4.81000E+02      1.396500244E+03   -2.50557E-02
4.82000E+02      1.396437744E+03   -8.72828E-03
4.83000E+02      1.396375244E+03   -3.07016E-02
4.84000E+02      1.396312744E+03    1.34283E-03
4.85000E+02      1.396250244E+03   -2.07831E-02
4.86000E+02      1.396187744E+03   -3.63475E-02
4.87000E+02      1.396125244E+03   -2.47505E-02
4.88000E+02      1.396062744E+03   -4.18409E-02
4.89000E+02      1.396000244E+03   -3.38754E-03
4.90000E+02      1.395937744E+03   -1.86468E-02
4.91000E+02      1.395875244E+03   -1.25431E-02
4.92000E+02      1.395812744E+03   -8.42310E-03
4.93000E+02      1.395750244E+03   -1.65105E-02
4.94000E+02      1.395687744E+03   -9.46063E-04
4.95000E+02      1.395625244E+03   -1.13224E-02
4.96000E+02      1.395562744E+03    4.27270E-04
4.97000E+02      1.395500244E+03   -1.92572E-02
4.98000E+02      1.395437744E+03   -2.03253E-02
4.99000E+02      1.395375244E+03   -1.37638E-02
5.00000E+02      1.395312744E+03    6.37838E-03
5.01000E+02      1.395250244E+03   -2.10883E-02
5.02000E+02      1.395187744E+03   -2.67342E-02
5.03000E+02      1.395125244E+03   -1.52898E-02
5.04000E+02      1.395062744E+03    4.40687E-02
5.05000E+02      1.395000244E+03    7.75171E-03
5.06000E+02      1.394937744E+03    1.72125E-02
5.07000E+02      1.394875244E+03   -8.42310E-03
5.08000E+02      1.394812744E+03   -3.10068E-02
5.09000E+02      1.394750244E+03   -2.77717E-03
5.10000E+02      1.394687744E+03   -1.04068E-02
5.11000E+02      1.394625244E+03   -2.44453E-02
5.12000E+02      1.394562744E+03   -2.24616E-02
5.13000E+02      1.394500244E+03    2.77413E-02
5.14000E+02      1.394437744E+03    2.48421E-02
5.15000E+02      1.394375244E+03    2.02643E-02
5.16000E+02      1.394312744E+03    6.53097E-03
5.17000E+02      1.394250244E+03    1.04984E-02
5.18000E+02      1.394187744E+03    9.12505E-03
5.19000E+02      1.394125244E+03    2.41097E-03
5.20000E+02      1.394062744E+03   -1.69683E-02
5.21000E+02      1.394000244E+03    2.05695E-02
5.22000E+02      1.393937744E+03   -1.05594E-02
5.23000E+02      1.393875244E+03   -2.91757E-02
5.24000E+02      1.393812744E+03   -1.19327E-02
5.25000E+02      1.393750244E+03   -1.01016E-02
5.26000E+02      1.393687744E+03   -1.17801E-02
5.27000E+02      1.393625244E+03   -3.38754E-03
5.28000E+02      1.393562744E+03    1.55339E-02
5.29000E+02      1.393500244E+03    1.26347E-02
5.30000E+02      1.393437744E+03   -4.88285E-04
5.31000E+02      1.393375244E+03   -1.45268E-02
5.32000E+02      1.393312744E+03    8.05690E-03
5.33000E+02      1.393250244E+03    4.54727E-03
5.34000E+02      1.393187744E+03   -2.01421E-03
5.35000E+02      1.393125244E+03   -2.62458E-03
5.36000E+02      1.393062744E+03   -4.45569E-03
5.37000E+02      1.393000244E+03    6.68356E-03
5.38000E+02      1.392937744E+03    5.46282E-03
5.39000E+02      1.392875244E+03   -3.05073E-05
5.40000E+02      1.392812744E+03    1.67547E-02
5.41000E+02      1.392750244E+03    5.31023E-03
5.42000E+02      1.392687744E+03   -1.69683E-02
5.43000E+02      1.392625244E+03   -1.48320E-02
5.44000E+02      1.392562744E+03    6.98875E-03
5.45000E+02      1.392500244E+03   -4.76088E-03
5.46000E+02      1.392437744E+03   -9.49125E-03
5.47000E+02      1.392375244E+03   -1.30009E-02
5.48000E+02      1.392312744E+03   -7.04976E-03
5.49000E+02      1.392250244E+03    2.95724E-02
5.50000E+02      1.392187744E+03    1.20243E-02
5.51000E+02      1.392125244E+03    2.43843E-02
5.52000E+02      1.392062744E+03    1.12613E-02
5.53000E+02      1.392000244E+03    5.31023E-03
5.54000E+02      1.391937744E+03   -1.81890E-02
5.55000E+02      1.391875244E+03    3.02134E-03
5.56000E+02      1.391812622E+03    2.19428E-02
5.57000E+02      1.391750244E+03    1.21769E-02
5.58000E+02      1.391687744E+03    1.80060E-03
5.59000E+02      1.391625244E+03    2.25532E-02
5.60000E+02      1.391562744E+03    3.24717E-02
5.61000E+02      1.391500244E+03    2.98776E-02
5.62000E+02      1.391437744E+03    1.96539E-02
5.63000E+02      1.391375244E+03    2.37739E-02
5.64000E+02      1.391312744E+03    4.83413E-02
5.65000E+02      1.391250244E+03    3.93690E-03
5.66000E+02      1.391187744E+03    1.34283E-03
5.67000E+02      1.391125244E+03    2.46895E-02
5.68000E+02      1.391062744E+03    1.33976E-02
5.69000E+02      1.391000244E+03    1.34283E-03
5.70000E+02      1.390937744E+03    1.03458E-02
5.71000E+02      1.390875244E+03    1.66021E-02
5.72000E+02      1.390812744E+03    2.92673E-02
5.73000E+02      1.390750244E+03   -7.93470E-04
5.74000E+02      1.390687744E+03    1.00406E-02
5.75000E+02      1.390625244E+03    5.29191E-02
5.76000E+02      1.390562744E+03    2.22480E-02
5.77000E+02      1.390500244E+03   -2.16680E-03
5.78000E+02      1.390437744E+03    1.80060E-03
5.79000E+02      1.390375244E+03    5.76801E-03
5.80000E+02      1.390312744E+03   -5.67643E-03
5.81000E+02      1.390250244E+03   -3.54014E-03
5.82000E+02      1.390187744E+03   -3.10068E-02
5.83000E+02      1.390125244E+03   -2.31940E-03
5.84000E+02      1.390062744E+03    3.02134E-03
5.85000E+02      1.390000244E+03    1.78228E-02
5.86000E+02      1.389937744E+03    1.04984E-02
5.87000E+02      1.389875244E+03   -3.54014E-03
5.88000E+02      1.389812744E+03    5.61542E-03
5.89000E+02      1.389750244E+03   -3.69273E-03
5.90000E+02      1.389687744E+03    1.11087E-02
5.91000E+02      1.389625244E+03    3.32653E-03
5.92000E+02      1.389562744E+03    4.24208E-03
5.93000E+02      1.389500244E+03   -5.21865E-03
5.94000E+02      1.389437744E+03    1.67547E-02
5.95000E+02      1.389375244E+03    3.93690E-03
5.96000E+02      1.389312744E+03   -2.30720E-02
5.97000E+02      1.389250244E+03   -1.09866E-03
5.98000E+02      1.389187744E+03    2.20954E-02
5.99000E+02      1.389125244E+03    3.47912E-03
6.00000E+02      1.389062744E+03   -9.18606E-03
6.01000E+02      1.389000244E+03    2.60628E-02
6.02000E+02      1.388937744E+03    6.07319E-03
6.03000E+02      1.388875244E+03    2.25838E-03
6.04000E+02      1.388812744E+03    1.33976E-02
6.05000E+02      1.388750244E+03   -1.07120E-02
6.06000E+02      1.388687744E+03    2.34687E-02
6.07000E+02      1.388625244E+03   -3.54014E-03
6.08000E+02      1.388562744E+03   -9.94902E-03
6.09000E+02      1.388500244E+03   -1.26957E-02
6.10000E+02      1.388437744E+03   -9.49125E-03
6.11000E+02      1.388375244E+03    4.27270E-04
6.12000E+02      1.388312744E+03   -1.01016E-02
6.13000E+02      1.388250244E+03    5.00505E-03
6.14000E+02      1.388187744E+03    1.38554E-02
6.15000E+02      1.388125122E+03    1.03458E-02
6.16000E+02      1.388062744E+03    3.17394E-03
6.17000E+02      1.388000244E+03   -3.08236E-03
6.18000E+02      1.387937744E+03   -8.11791E-03
6.19000E+02      1.387875244E+03    1.69073E-02
6.20000E+02      1.387812744E+03   -1.46794E-02
6.21000E+02      1.387750244E+03   -1.10172E-02
6.22000E+02      1.387687744E+03    5.61542E-03
6.23000E+02      1.387625244E+03    1.32450E-02
6.24000E+02      1.387562744E+03    1.56865E-02
6.25000E+02      1.387500244E+03    5.15764E-03
6.26000E+02      1.387437744E+03    4.69986E-03
6.27000E+02      1.387375244E+03   -1.86162E-03
6.28000E+02      1.387312744E+03    4.27270E-04
6.29000E+02      1.387250244E+03   -4.04675E-02
6.30000E+02      1.387187744E+03    1.19023E-03
6.31000E+02      1.387125244E+03   -1.83100E-04
6.32000E+02      1.387062744E+03   -9.46063E-04
6.33000E+02      1.387000244E+03    8.81986E-03
6.34000E+02      1.386937744E+03    1.03458E-02
6.35000E+02      1.386875244E+03   -1.01016E-02
6.36000E+02      1.386812744E+03    1.29399E-02
6.37000E+02      1.386750244E+03    1.21769E-02
6.38000E+02      1.386687744E+03   -1.60527E-02
6.39000E+02      1.386625244E+03   -1.42216E-02
6.40000E+02      1.386562744E+03   -2.74972E-02
6.41000E+02      1.386500244E+03   -3.23495E-03
6.42000E+02      1.386437744E+03   -1.22379E-02
6.43000E+02      1.386375244E+03    1.62969E-02
6.44000E+02      1.386312744E+03   -1.78838E-02
6.45000E+02      1.386250244E+03    1.76702E-02
6.46000E+02      1.386187744E+03    3.17394E-03
6.47000E+02      1.386125244E+03    5.15764E-03
6.48000E+02      1.386062744E+03    1.87384E-02
6.49000E+02      1.386000244E+03    7.14134E-03
6.50000E+02      1.385937744E+03   -4.45569E-03
6.51000E+02      1.385875244E+03    1.75176E-02
6.52000E+02      1.385812744E+03   -1.25431E-02
6.53000E+02      1.385750244E+03   -8.27050E-03
6.54000E+02      1.385687744E+03   -1.59001E-02
6.55000E+02      1.385625244E+03   -4.91347E-03
6.56000E+02      1.385562744E+03    2.51473E-02
6.57000E+02      1.385500244E+03    2.22480E-02
6.58000E+02      1.385437744E+03   -1.23905E-02
6.59000E+02      1.385375244E+03    2.11799E-02
6.60000E+02      1.385312744E+03    3.82702E-02
6.61000E+02      1.385250244E+03    2.42317E-02
6.62000E+02      1.385187744E+03   -2.92977E-03
6.63000E+02      1.385125244E+03   -3.35692E-04
6.64000E+02      1.385062744E+03    1.46184E-02
6.65000E+02      1.385000244E+03    1.56865E-02
6.66000E+02      1.384937744E+03    2.36213E-02
6.67000E+02      1.384875244E+03   -5.21865E-03
6.68000E+02      1.384812744E+03    9.73542E-03
6.69000E+02      1.384750244E+03    2.30110E-02
6.70000E+02      1.384687744E+03    4.20850E-02
6.71000E+02      1.384625244E+03    3.93384E-02
6.72000E+02      1.384562744E+03    1.66021E-02
6.73000E+02      1.384500244E+03    1.50762E-02
6.74000E+02      1.384437744E+03    2.97250E-02
6.75000E+02      1.384375244E+03    1.76702E-02
6.76000E+02      1.384312744E+03    2.05695E-02
6.77000E+02      1.384250244E+03   -3.99791E-03
6.78000E+02      1.384187744E+03    2.71310E-02
6.79000E+02      1.384125244E+03    1.52287E-02
6.80000E+02      1.384062744E+03    7.75171E-03
6.81000E+02      1.384000122E+03    2.97250E-02
6.82000E+02      1.383937744E+03   -2.77717E-03
6.83000E+02      1.383875244E+03    2.91147E-02
6.84000E+02      1.383812744E+03    2.85043E-02
6.85000E+02      1.383750244E+03   -1.65105E-02
6.86000E+02      1.383687744E+03    2.01117E-02
6.87000E+02      1.383625244E+03    1.35502E-02
6.88000E+02      1.383562744E+03    3.21665E-02
6.89000E+02      1.383500244E+03    2.13325E-02
6.90000E+02      1.383437744E+03    1.40080E-02
6.91000E+02      1.383375244E+03    2.52999E-02
6.92000E+02      1.383312744E+03   -6.59199E-03
6.93000E+02      1.383250244E+03   -7.93470E-04
6.94000E+02      1.383187744E+03    3.30821E-02
6.95000E+02      1.383125244E+03    1.14139E-02
6.96000E+02      1.383062744E+03    3.56761E-02
6.97000E+02      1.383000244E+03   -3.38754E-03
6.98000E+02      1.382937744E+03    2.20954E-02
6.99000E+02      1.382875244E+03    6.83616E-03
7.00000E+02      1.382812744E+03    2.34687E-02
7.01000E+02      1.382750244E+03    2.20954E-02
7.02000E+02      1.382687744E+03    4.17798E-02
7.03000E+02      1.382625244E+03    5.31023E-03
7.04000E+02      1.382562744E+03   -4.88285E-04
7.05000E+02      1.382500244E+03    2.94199E-02
7.06000E+02      1.382437744E+03    2.16376E-02
7.07000E+02      1.382375244E+03    2.69784E-02
7.08000E+02      1.382312744E+03   -2.16680E-03
7.09000E+02      1.382250244E+03    1.78228E-02
7.10000E+02      1.382187744E+03    1.04984E-02
7.11000E+02      1.382125244E+03    2.94199E-02
7.12000E+02      1.382062744E+03   -1.86162E-03
7.13000E+02      1.382000244E+03   -1.97149E-02
7.14000E+02      1.381937744E+03    2.27058E-02
7.15000E+02      1.381875244E+03    1.87384E-02
7.16000E+02      1.381812744E+03    2.56050E-02
7.17000E+02      1.381750244E+03    3.32653E-03
7.18000E+02      1.381687744E+03   -8.27050E-03
7.19000E+02      1.381625244E+03   -2.38349E-02
7.20000E+02      1.381562744E+03   -2.39875E-02
7.21000E+02      1.381500244E+03    5.46282E-03
7.22000E+02      1.381437744E+03   -1.52898E-02
7.23000E+02      1.381375244E+03   -2.13935E-02
7.24000E+02      1.381312744E+03   -1.70903E-03
7.25000E+02      1.381250244E+03   -2.12409E-02
7.26000E+02      1.381187744E+03   -5.98162E-03
7.27000E+02      1.381125244E+03    1.27873E-02
7.28000E+02      1.381062744E+03    3.93690E-03
7.29000E+02      1.381000244E+03   -8.11791E-03
7.30000E+02      1.380937744E+03   -3.22275E-02
7.31000E+02      1.380875244E+03   -1.71209E-02
7.32000E+02      1.380812744E+03   -1.83100E-04
7.33000E+02      1.380750244E+03   -2.24616E-02
7.34000E+02      1.380687744E+03   -5.82902E-03
7.35000E+02      1.380625244E+03   -3.99791E-03
7.36000E+02      1.380562744E+03   -7.20236E-03
7.37000E+02      1.380500244E+03    8.97245E-03
7.38000E+02      1.380437744E+03    1.27873E-02
7.39000E+02      1.380375244E+03   -3.31431E-02
7.40000E+02      1.380312622E+03   -2.58186E-02
7.41000E+02      1.380250244E+03    1.66021E-02
7.42000E+02      1.380187744E+03   -3.35692E-04
7.43000E+02      1.380125244E+03   -2.20038E-02
7.44000E+02      1.380062744E+03   -1.46794E-02
7.45000E+02      1.380000244E+03    1.15665E-02
7.46000E+02      1.379937744E+03   -1.55949E-02
7.47000E+02      1.379875244E+03    1.29399E-02
7.48000E+02      1.379812744E+03   -9.18606E-03
7.49000E+02      1.379750244E+03   -3.84532E-03
7.50000E+02      1.379687744E+03    3.61339E-02
7.51000E+02      1.379625244E+03   -1.42216E-02
7.52000E+02      1.379562744E+03   -5.37125E-03
7.53000E+02      1.379500244E+03    1.41606E-02
7.54000E+02      1.379437744E+03   -5.52384E-03
7.55000E+02      1.379375244E+03    2.08747E-02
7.56000E+02      1.379312744E+03    2.39265E-02
7.57000E+02      1.379250244E+03    8.81986E-03
7.58000E+02      1.379187744E+03    1.49542E-03
7.59000E+02      1.379125244E+03    1.67547E-02
7.60000E+02      1.379062744E+03   -2.62458E-03
7.61000E+02      1.379000244E+03    2.25532E-02
7.62000E+02      1.378937744E+03    1.14139E-02
7.63000E+02      1.378875244E+03   -8.11791E-03
7.64000E+02      1.378812744E+03    3.84228E-02
7.65000E+02      1.378750244E+03    1.26347E-02
7.66000E+02      1.378687744E+03    4.39468E-03
7.67000E+02      1.378625244E+03   -8.88088E-03
7.68000E+02      1.378562744E+03   -2.82601E-02
7.69000E+02      1.378500244E+03   -1.84942E-02
7.70000E+02      1.378437744E+03    1.96539E-02
7.71000E+02      1.378375244E+03    2.20954E-02
7.72000E+02      1.378312744E+03    1.56865E-02
7.73000E+02      1.378250244E+03    1.22085E-04
7.74000E+02      1.378187744E+03   -1.04068E-02
7.75000E+02      1.378125244E+03   -5.37125E-03
7.76000E+02      1.378062744E+03    1.53813E-02
7.77000E+02      1.378000244E+03    1.73650E-02
7.78000E+02      1.377937744E+03    2.65206E-02
7.79000E+02      1.377875244E+03    5.31023E-03
7.80000E+02      1.377812744E+03   -1.49846E-02
7.81000E+02      1.377750244E+03    8.97245E-03
7.82000E+02      1.377687744E+03    2.94199E-02
7.83000E+02      1.377625244E+03    7.90431E-03
7.84000E+02      1.377562744E+03    8.05690E-03
7.85000E+02      1.377500244E+03    3.06406E-02
7.86000E+02      1.377437744E+03    1.70599E-02
7.87000E+02      1.377375244E+03    4.54421E-02
7.88000E+02      1.377312744E+03    1.03458E-02
7.89000E+02      1.377250244E+03   -2.62458E-03
7.90000E+02      1.377187744E+03    3.47606E-02
7.91000E+02      1.377125244E+03   -2.09357E-02
7.92000E+02      1.377062744E+03   -1.31535E-02
7.93000E+02      1.377000244E+03   -1.57475E-02
7.94000E+02      1.376937744E+03   -3.40586E-02
7.95000E+02      1.376875244E+03    1.22085E-04
7.96000E+02      1.376812744E+03    9.27764E-03
7.97000E+02      1.376750244E+03    8.97245E-03
7.98000E+02      1.376687744E+03    7.32455E-04
7.99000E+02      1.376625122E+03   -1.26957E-02
8.00000E+02      1.376562744E+03    1.06510E-02
8.01000E+02      1.376500244E+03   -2.70394E-02
8.02000E+02      1.376437744E+03   -5.98162E-03
8.03000E+02      1.376375244E+03    1.64495E-02
8.04000E+02      1.376312744E+03    1.17191E-02
8.05000E+02      1.376250244E+03    1.93487E-02
8.06000E+02      1.376187622E+03    4.65102E-02
8.07000E+02      1.376125244E+03    2.08747E-02
8.08000E+02      1.376062744E+03    6.22579E-03
8.09000E+02      1.376000244E+03    9.58282E-03
8.10000E+02      1.375937744E+03    5.61542E-03
8.11000E+02      1.375875244E+03   -1.09866E-03
8.12000E+02      1.375812744E+03    7.29393E-03
8.13000E+02      1.375750244E+03    3.17087E-02
8.14000E+02      1.375687744E+03    1.01932E-02
8.15000E+02      1.375625244E+03   -5.98162E-03
8.16000E+02      1.375562744E+03   -1.07120E-02
8.17000E+02      1.375500244E+03   -3.39061E-02
8.18000E+02      1.375437744E+03   -1.48320E-02
8.19000E+02      1.375375244E+03   -4.45569E-03
8.20000E+02      1.375312744E+03    1.49542E-03
8.21000E+02      1.375250244E+03   -2.64290E-02
8.22000E+02      1.375187744E+03   -1.46794E-02
8.23000E+02      1.375125244E+03   -2.35298E-02
8.24000E+02      1.375062744E+03   -2.90231E-02
8.25000E+02      1.375000244E+03   -2.12409E-02
8.26000E+02      1.374937744E+03   -2.45979E-02
8.27000E+02      1.374875244E+03    1.49542E-03
8.28000E+02      1.374812744E+03    3.47912E-03
8.29000E+02      1.374750244E+03   -4.04675E-02
8.30000E+02      1.374687744E+03    1.96539E-02
8.31000E+02      1.374625244E+03    1.82806E-02
8.32000E+02      1.374562744E+03   -2.01421E-03
8.33000E+02      1.374500244E+03   -1.94098E-02
8.34000E+02      1.374437744E+03   -1.01016E-02
8.35000E+02      1.374375244E+03   -3.20749E-02
8.36000E+02      1.374312744E+03   -3.54014E-03
8.37000E+02      1.374250244E+03    1.18717E-02
8.38000E+02      1.374187744E+03   -4.30310E-03
8.39000E+02      1.374125244E+03   -2.10883E-02
8.40000E+02      1.374062744E+03    6.22579E-03
8.41000E+02      1.374000244E+03   -2.59712E-02
8.42000E+02      1.373937744E+03   -1.97149E-02
8.43000E+02      1.373875244E+03    5.31023E-03
8.44000E+02      1.373812744E+03    8.51468E-03
8.45000E+02      1.373750244E+03   -2.88705E-02
8.46000E+02      1.373687744E+03   -3.37535E-02
8.47000E+02      1.373625244E+03    7.29393E-03
8.48000E+02      1.373562744E+03   -6.59199E-03
8.49000E+02      1.373500244E+03   -1.86468E-02
8.50000E+02      1.373437744E+03   -8.11791E-03
8.51000E+02      1.373375244E+03   -1.10172E-02
8.52000E+02      1.373312744E+03    1.35502E-02
8.53000E+02      1.373250244E+03   -3.69273E-03
8.54000E+02      1.373187744E+03   -2.18512E-02
8.55000E+02      1.373125244E+03   -3.46690E-02
8.56000E+02      1.373062744E+03   -7.66013E-03
8.57000E+02      1.373000244E+03    8.20949E-03
8.58000E+02      1.372937622E+03    3.36924E-02
8.59000E+02      1.372875244E+03   -2.24616E-02
8.60000E+02      1.372812744E+03    7.90431E-03
8.61000E+02      1.372750244E+03    1.85858E-02
8.62000E+02      1.372687744E+03   -2.77717E-03
8.63000E+02      1.372625244E+03   -4.38246E-02
8.64000E+02      1.372562744E+03    7.14134E-03
8.65000E+02      1.372500122E+03    1.22085E-04
8.66000E+02      1.372437744E+03    5.92060E-03
8.67000E+02      1.372375244E+03    1.82806E-02
8.68000E+02      1.372312744E+03    1.23295E-02
8.69000E+02      1.372250244E+03    2.56357E-03
8.70000E+02      1.372187744E+03    1.66021E-02
8.71000E+02      1.372125244E+03   -2.31940E-03
8.72000E+02      1.372062744E+03   -2.23090E-02
8.73000E+02      1.372000244E+03   -2.09357E-02
8.74000E+02      1.371937744E+03   -1.92572E-02
8.75000E+02      1.371875244E+03   -9.94902E-03
8.76000E+02      1.371812744E+03   -3.35692E-04
8.77000E+02      1.371750244E+03    1.03764E-03
8.78000E+02      1.371687744E+03    1.80060E-03
8.79000E+02      1.371625244E+03   -2.84127E-02
8.80000E+02      1.371562744E+03   -2.32246E-02
8.81000E+02      1.371500244E+03    2.49947E-02
8.82000E+02      1.371437744E+03    1.56865E-02
8.83000E+02      1.371375244E+03    4.39468E-03
8.84000E+02      1.371312744E+03    8.51468E-03
8.85000E+02      1.371250244E+03    1.29399E-02
8.86000E+02      1.371187744E+03    1.41606E-02
8.87000E+02      1.371125244E+03    2.71616E-03
8.88000E+02      1.371062744E+03    1.35502E-02
8.89000E+02      1.371000244E+03   -1.37638E-02
8.90000E+02      1.370937744E+03   -1.81890E-02
8.91000E+02      1.370875244E+03   -2.00201E-02
8.92000E+02      1.370812744E+03   -1.66631E-02
8.93000E+02      1.370750244E+03   -1.95624E-02
8.94000E+02      1.370687744E+03   -4.45569E-03
8.95000E+02      1.370625244E+03    1.03764E-03
8.96000E+02      1.370562744E+03   -1.83100E-04
8.97000E+02      1.370500244E+03   -5.06606E-03
8.98000E+02      1.370437744E+03   -1.30009E-02
8.99000E+02      1.370375244E+03    5.46282E-03
9.00000E+02      1.370312744E+03    1.04984E-02
9.01000E+02      1.370250244E+03   -2.31940E-03
9.02000E+02      1.370187744E+03   -9.79643E-03
9.03000E+02      1.370125244E+03   -3.86364E-02
9.04000E+02      1.370062744E+03   -5.98162E-03
9.05000E+02      1.370000244E+03    1.69073E-02
9.06000E+02      1.369937744E+03   -6.40878E-04
9.07000E+02      1.369875244E+03   -7.20236E-03
9.08000E+02      1.369812744E+03    3.55236E-02
9.09000E+02      1.369750244E+03   -1.28483E-02
9.10000E+02      1.369687744E+03    3.47912E-03
9.11000E+02      1.369625244E+03   -1.28483E-02
9.12000E+02      1.369562744E+03   -1.46794E-02
9.13000E+02      1.369500244E+03   -8.42310E-03
9.14000E+02      1.369437744E+03   -1.39164E-02
9.15000E+02      1.369375244E+03    3.17394E-03
9.16000E+02      1.369312744E+03    9.73542E-03
9.17000E+02      1.369250122E+03   -2.92977E-03
9.18000E+02      1.369187744E+03   -8.88088E-03
9.19000E+02      1.369125244E+03   -2.07831E-02
9.20000E+02      1.369062744E+03    1.64801E-03
9.21000E+02      1.369000244E+03    2.27058E-02
9.22000E+02      1.368937744E+03   -2.50557E-02
9.23000E+02      1.368875244E+03   -2.64290E-02
9.24000E+02      1.368812622E+03    1.17191E-02
9.25000E+02      1.368750244E+03   -9.46063E-04
9.26000E+02      1.368687744E+03    2.08747E-02
9.27000E+02      1.368625244E+03   -1.17801E-02
9.28000E+02      1.368562744E+03   -4.88285E-04
9.29000E+02      1.368500244E+03    3.29295E-02
9.30000E+02      1.368437744E+03    4.02539E-02
9.31000E+02      1.368375122E+03   -3.08236E-03
9.32000E+02      1.368312744E+03    1.15665E-02
9.33000E+02      1.368250244E+03    8.66727E-03
9.34000E+02      1.368187744E+03    2.91147E-02
9.35000E+02      1.368125244E+03   -3.13120E-02
9.36000E+02      1.368062744E+03   -3.28379E-02
9.37000E+02      1.368000244E+03    2.71616E-03
9.38000E+02      1.367937744E+03    1.15665E-02
9.39000E+02      1.367875244E+03   -2.92977E-03
9.40000E+02      1.367812744E+03   -1.54424E-02
9.41000E+02      1.367750244E+03   -6.89717E-03
9.42000E+02      1.367687744E+03   -5.67643E-03
9.43000E+02      1.367625244E+03    1.06510E-02
9.44000E+02      1.367562744E+03   -6.28680E-03
9.45000E+02      1.367500244E+03   -1.66631E-02
9.46000E+02      1.367437744E+03   -6.59199E-03
9.47000E+02      1.367375244E+03   -3.51268E-02
9.48000E+02      1.367312744E+03   -2.77717E-03
9.49000E+02      1.367250244E+03   -2.92977E-03
9.50000E+02      1.367187744E+03   -7.66013E-03
9.51000E+02      1.367125244E+03   -1.45268E-02
9.52000E+02      1.367062744E+03   -1.40690E-02
9.53000E+02      1.367000244E+03   -1.25125E-03
9.54000E+02      1.366937744E+03   -5.21865E-03
9.55000E+02      1.366875244E+03   -1.51372E-02
9.56000E+02      1.366812744E+03   -2.21564E-02
9.57000E+02      1.366750244E+03    9.58282E-03
9.58000E+02      1.366687744E+03    5.79863E-04
9.59000E+02      1.366625244E+03   -2.21564E-02
9.60000E+02      1.366562744E+03    3.35399E-02
9.61000E+02      1.366500244E+03    1.93487E-02
9.62000E+02      1.366437744E+03    1.59917E-02
9.63000E+02      1.366375244E+03    5.92060E-03
9.64000E+02      1.366312744E+03   -1.65105E-02
9.65000E+02      1.366250244E+03   -1.75787E-02
9.66000E+02      1.366187744E+03    4.13221E-02
9.67000E+02      1.366125244E+03    1.78228E-02
9.68000E+02      1.366062744E+03    7.44653E-03
9.69000E+02      1.366000244E+03   -2.76498E-02
9.70000E+02      1.365937744E+03   -5.48112E-02
9.71000E+02      1.365875244E+03    1.03764E-03
9.72000E+02      1.365812744E+03    3.06406E-02
9.73000E+02      1.365750244E+03    6.83616E-03
9.74000E+02      1.365687744E+03    2.74678E-04
9.75000E+02      1.365625244E+03    2.11799E-02
9.76000E+02      1.365562622E+03    4.04065E-02
9.77000E+02      1.365500244E+03    1.87384E-02
9.78000E+02      1.365437744E+03   -2.73446E-02
9.79000E+02      1.365375244E+03    5.46282E-03
9.80000E+02      1.365312744E+03    3.32653E-03
9.81000E+02      1.365250244E+03   -1.48320E-02
9.82000E+02      1.365187744E+03   -9.46063E-04
9.83000E+02      1.365125122E+03   -3.55846E-02
9.84000E+02      1.365062744E+03    2.24006E-02
9.85000E+02      1.365000244E+03    2.94199E-02
9.86000E+02      1.364937744E+03    6.22579E-03
9.87000E+02      1.364875244E+03   -2.10883E-02
9.88000E+02      1.364812744E+03    2.01117E-02
9.89000E+02      1.364750244E+03   -1.43742E-02
9.90000E+02      1.364687622E+03   -1.33061E-02
9.91000E+02      1.364625244E+03    8.05690E-03
9.92000E+02      1.364562744E+03   -4.91347E-03
9.93000E+02      1.364500244E+03   -1.89520E-02
9.94000E+02      1.364437744E+03   -1.48320E-02
9.95000E+02      1.364375244E+03   -3.66527E-02
9.96000E+02      1.364312744E+03   -1.70903E-03
9.97000E+02      1.364250244E+03   -7.81273E-03
9.98000E+02      1.364187744E+03    1.09562E-02
9.99000E+02      1.364125244E+03    1.78228E-02
1.00000E+03      1.364062744E+03    1.66021E-02
1.00100E+03      1.364000244E+03   -1.98675E-02
1.00200E+03      1.363937744E+03   -3.16172E-02
1.00300E+03      1.363875244E+03   -3.60423E-02
1.00400E+03      1.363812744E+03    9.88801E-03
1.00500E+03      1.363750244E+03   -1.65105E-02
1.00600E+03      1.363687744E+03    2.10579E-03
1.00700E+03      1.363625244E+03   -2.10883E-02
1.00800E+03      1.363562744E+03    1.95320E-03
1.00900E+03      1.363500244E+03    1.62969E-02
1.01000E+03      1.363437744E+03    2.56050E-02
1.01100E+03      1.363375244E+03   -9.18606E-03
1.01200E+03      1.363312744E+03    2.56357E-03
1.01300E+03      1.363250244E+03    8.85048E-04
1.01400E+03      1.363187744E+03    1.00406E-02
1.01500E+03      1.363125244E+03   -8.57569E-03
1.01600E+03      1.363062744E+03    3.38450E-02
1.01700E+03      1.363000244E+03   -2.82601E-02
1.01800E+03      1.362937744E+03    7.75171E-03
1.01900E+03      1.362875244E+03   -7.66013E-03
1.02000E+03      1.362812744E+03    3.84228E-02
1.02100E+03      1.362750244E+03    4.36110E-02
1.02200E+03      1.362687744E+03   -2.59712E-02
1.02300E+03      1.362625244E+03    1.34861E-01
