# -------------------------- o --------------------------
# File ID: blc06_1421-490_S_2019-04-29T12:39:50.000.h5 
# -------------------------- o --------------------------
# Source:1421-490_S
# MJD: 58602.527662037042	RA: 14h24m32.237s	DEC: -49d26m50.26s
# DELTAT:  16.777216	DELTAF(Hz):  -3.814697
# --------------------------
# Top_Hit_# 	Drift_Rate 	SNR 	Uncorrected_Frequency 	Corrected_Frequency 	Index 	freq_start 	freq_end 	SEFD 	SEFD_freq 	Coarse_Channel_Number 	Full_number_of_hits 	
# --------------------------
001	 -0.000000	180.189377	   1472.000000	   1472.000000	0	   1472.000000	   1471.997959	0.0	      0.000000	0	8	
002	 -0.000000	 42.177985	   1456.000000	   1456.000000	0	   1456.000000	   1455.997959	0.0	      0.000000	4	95	
003	 -0.012632	 55.641196	   1455.389977	   1455.389977	159914	   1455.392025	   1455.387936	0.0	      0.000000	4	95	
004	  0.341061	 27.849764	   1455.335564	   1455.335564	174178	   1455.337612	   1455.333523	0.0	      0.000000	4	95	
005	 -0.025264	 82.681426	   1455.319965	   1455.319965	178267	   1455.322014	   1455.317924	0.0	      0.000000	4	95	
006	  0.012632	 40.814367	   1455.289505	   1455.289505	186252	   1455.291553	   1455.287464	0.0	      0.000000	4	95	
007	  0.138951	 35.719802	   1454.866650	   1454.866650	297101	   1454.868698	   1454.864609	0.0	      0.000000	4	95	
008	 -0.000000	 33.666466	   1450.000000	   1450.000000	524288	   1450.002048	   1449.997959	0.0	      0.000000	5	3	
009	  0.063159	162.069479	   1445.057983	   1445.057983	771232	   1445.060032	   1445.055943	0.0	      0.000000	6	3477	
010	 -0.176846	246.172930	   1445.055202	   1445.055202	771961	   1445.057251	   1445.053162	0.0	      0.000000	6	3477	
011	 -0.000000	115.245706	   1445.000000	   1445.000000	786432	   1445.002048	   1444.997959	0.0	      0.000000	6	3477	
012	  0.290533	 34.574552	   1440.026260	   1440.026260	1041692	   1440.028309	   1440.024220	0.0	      0.000000	7	36	
013	 -0.000000	2979.025874	   1440.000000	   1440.000000	0	   1440.000000	   1439.997959	0.0	      0.000000	8	15330	
014	  1.654775	259.533763	   1439.999828	   1439.999828	45	   1440.000000	   1439.997787	0.0	      0.000000	8	15330	
015	 -0.012632	 39.762674	   1439.981567	   1439.981567	4832	   1439.983616	   1439.979527	0.0	      0.000000	8	15330	
016	 -0.000000	 28.801787	   1439.816296	   1439.816296	48157	   1439.818344	   1439.814255	0.0	      0.000000	8	15330	
017	  0.063159	 29.621377	   1438.376228	   1438.376228	425662	   1438.378277	   1438.374187	0.0	      0.000000	8	15330	
018	  0.113687	 56.725540	   1437.647125	   1437.647125	616792	   1437.649174	   1437.645084	0.0	      0.000000	8	15330	
019	  0.050527	 63.827191	   1437.645020	   1437.645020	617344	   1437.647068	   1437.642979	0.0	      0.000000	8	15330	
020	 -0.050527	 37.896683	   1437.639484	   1437.639484	618795	   1437.641533	   1437.637444	0.0	      0.000000	8	15330	
021	  0.037896	 93.699907	   1437.627766	   1437.627766	621867	   1437.629814	   1437.625725	0.0	      0.000000	8	15330	
022	  0.037896	 57.389738	   1437.624390	   1437.624390	622752	   1437.626438	   1437.622349	0.0	      0.000000	8	15330	
023	 -0.202110	 51.121848	   1437.608540	   1437.608540	626907	   1437.610588	   1437.606499	0.0	      0.000000	8	15330	
024	 -0.227374	 31.146239	   1437.606079	   1437.606079	627552	   1437.608128	   1437.604038	0.0	      0.000000	8	15330	
025	  0.025264	114.835055	   1437.603771	   1437.603771	628157	   1437.605820	   1437.601730	0.0	      0.000000	8	15330	
026	 -0.037896	144.730317	   1437.599987	   1437.599987	629149	   1437.602036	   1437.597946	0.0	      0.000000	8	15330	
027	  0.012632	180.317420	   1437.592659	   1437.592659	631070	   1437.594707	   1437.590618	0.0	      0.000000	8	15330	
028	 -0.088423	 66.132141	   1437.587318	   1437.587318	632470	   1437.589367	   1437.585278	0.0	      0.000000	8	15330	
029	  0.012632	 43.815015	   1437.554592	   1437.554592	641049	   1437.556641	   1437.552551	0.0	      0.000000	8	15330	
030	  0.113687	 37.660761	   1437.550312	   1437.550312	642171	   1437.552361	   1437.548271	0.0	      0.000000	8	15330	
031	  0.050527	 40.920850	   1437.502361	   1437.502361	654741	   1437.504410	   1437.500320	0.0	      0.000000	8	15330	
032	 -0.000000	 64.454293	   1437.447151	   1437.447151	669214	   1437.449200	   1437.445110	0.0	      0.000000	8	15330	
033	  0.037896	 35.907537	   1436.905499	   1436.905499	811205	   1436.907547	   1436.903458	0.0	      0.000000	8	15330	
034	 -1.629511	259.011646	   1436.000168	   1436.000168	1048532	   1436.002216	   1436.000004	0.0	      0.000000	8	15330	
035	 -0.000000	385.711460	   1435.000000	   1435.000000	262144	   1435.002048	   1434.997959	0.0	      0.000000	9	872	
036	 -0.000000	112.360184	   1430.000000	   1430.000000	524288	   1430.002048	   1429.997959	0.0	      0.000000	10	57	
037	 -0.025264	 29.191528	   1425.331112	   1425.331112	699633	   1425.333160	   1425.329071	0.0	      0.000000	11	942	
038	  0.012632	329.771919	   1425.283535	   1425.283535	712105	   1425.285583	   1425.281494	0.0	      0.000000	11	942	
039	  0.543170	 30.003843	   1420.453671	   1420.453671	929649	   1420.455719	   1420.451630	0.0	      0.000000	12	3018368	
040	 -1.477929	 57.107168	   1420.439983	   1420.439983	933237	   1420.442032	   1420.437943	0.0	      0.000000	12	3018368	
041	  1.983204	 58.685944	   1420.436901	   1420.436901	934045	   1420.438950	   1420.434860	0.0	      0.000000	12	3018368	
042	 -0.000000	 48.539994	   1420.000000	   1420.000000	0	   1420.000000	   1419.997959	0.0	      0.000000	13	2	
043	  0.025264	 44.521386	   1415.567173	   1415.567173	113463	   1415.569221	   1415.565132	0.0	      0.000000	14	86	
044	  0.012632	 36.599701	   1415.562904	   1415.562904	114582	   1415.564953	   1415.560863	0.0	      0.000000	14	86	
045	 -0.000000	158.300146	   1413.000000	   1413.000000	786432	   1413.002048	   1412.997959	0.0	      0.000000	14	86	
046	 -0.000000	 80.801029	   1410.000000	   1410.000000	524288	   1410.002048	   1409.997959	0.0	      0.000000	15	2430	
047	  0.037896	 25.111247	   1408.434559	   1408.434559	934659	   1408.436607	   1408.432518	0.0	      0.000000	15	2430	
048	  0.290533	240.885726	   1408.025677	   1408.025677	1041845	   1408.027725	   1408.023636	0.0	      0.000000	15	2430	
049	 -0.000000	322194978.268417	   1408.000000	   1408.000000	0	   1408.000000	   1407.997959	0.0	      0.000000	16	1470	
050	  1.983204	17906648.896689	   1407.999878	   1407.999878	32	   1408.000000	   1407.997837	0.0	      0.000000	16	1470	
051	  0.088423	 34.700191	   1406.230560	   1406.230560	463848	   1406.232609	   1406.228519	0.0	      0.000000	16	1470	
052	 -1.970572	17906636.280327	   1404.000107	   1404.000107	1048548	   1404.002155	   1404.000004	0.0	      0.000000	16	1470	
053	 -1.566352	17906636.280327	   1404.000080	   1404.000080	1048555	   1404.002129	   1404.000004	0.0	      0.000000	16	1470	
054	 -1.162132	17906636.280327	   1404.000053	   1404.000053	1048562	   1404.002102	   1404.000004	0.0	      0.000000	16	1470	
055	 -0.757912	17906636.280327	   1404.000027	   1404.000027	1048569	   1404.002075	   1404.000004	0.0	      0.000000	16	1470	
056	  0.176846	 29.730558	   1403.963940	   1403.963940	9453	   1403.965988	   1403.961899	0.0	      0.000000	17	27	
057	 -0.000000	 81.235953	   1403.000000	   1403.000000	262144	   1403.002048	   1402.997959	0.0	      0.000000	17	27	
058	  0.176846	 29.515006	   1400.800884	   1400.800884	838629	   1400.802933	   1400.798843	0.0	      0.000000	17	27	
059	 -0.000000	165.039773	   1400.000000	   1400.000000	0	   1400.000000	   1399.997959	0.0	      0.000000	18	534	
060	 -0.000000	 29.101047	   1399.999996	   1399.999996	1	   1400.000000	   1399.997955	0.0	      0.000000	18	534	
061	 -0.000000	326.500612	   1399.996807	   1399.996807	837	   1399.998856	   1399.994766	0.0	      0.000000	18	534	
062	 -0.012632	 67.381324	   1399.982079	   1399.982079	4698	   1399.984127	   1399.980038	0.0	      0.000000	18	534	
063	 -0.000000	 32.732480	   1399.839752	   1399.839752	42008	   1399.841801	   1399.837711	0.0	      0.000000	18	534	
064	 -0.000000	 29.086171	   1397.919003	   1397.919003	545521	   1397.921051	   1397.916962	0.0	      0.000000	18	534	
065	  0.164214	 26.017378	   1395.885567	   1395.885567	29998	   1395.887615	   1395.883526	0.0	      0.000000	19	102	
066	 -0.000000	 82.404139	   1395.373894	   1395.373894	164130	   1395.375942	   1395.371853	0.0	      0.000000	19	102	
067	  0.290533	 46.731531	   1395.321728	   1395.321728	177805	   1395.323776	   1395.319687	0.0	      0.000000	19	102	
068	  0.050527	 68.428380	   1395.277561	   1395.277561	189383	   1395.279610	   1395.275520	0.0	      0.000000	19	102	
069	  0.429484	 25.971211	   1393.453465	   1393.453465	667559	   1393.455513	   1393.451424	0.0	      0.000000	19	102	
070	  0.088423	 29.094217	   1391.983913	   1391.983913	4217	   1391.985962	   1391.981873	0.0	      0.000000	20	30	
071	 -0.000000	 68.082462	   1390.000000	   1390.000000	524288	   1390.002048	   1389.997959	0.0	      0.000000	20	30	
072	 -0.593698	131.308133	   1386.134583	   1386.134583	489008	   1386.136631	   1386.132542	0.0	      0.000000	21	499	
073	  0.113687	129.463743	   1386.076019	   1386.076019	504360	   1386.078068	   1386.073978	0.0	      0.000000	21	499	
074	  0.012632	 38.334695	   1386.072010	   1386.072010	505411	   1386.074059	   1386.069969	0.0	      0.000000	21	499	
075	 -0.000000	 32.798672	   1381.000000	   1381.000000	786432	   1381.002048	   1380.997959	0.0	      0.000000	22	3	
076	 -0.000000	 67.683070	   1380.000000	   1380.000000	0	   1380.000000	   1379.997959	0.0	      0.000000	23	144	
077	  0.290533	 64.432908	   1376.025093	   1376.025093	1041998	   1376.027142	   1376.023052	0.0	      0.000000	23	144	
078	 -0.000000	2293.755269	   1376.000000	   1376.000000	0	   1376.000000	   1375.997959	0.0	      0.000000	24	26570	
079	  0.909495	156.565611	   1375.999855	   1375.999855	38	   1376.000000	   1375.997814	0.0	      0.000000	24	26570	
080	  0.101055	481.405196	   1375.140732	   1375.140732	225252	   1375.142780	   1375.138691	0.0	      0.000000	24	26570	
081	  0.037896	 46.350385	   1375.134739	   1375.134739	226823	   1375.136787	   1375.132698	0.0	      0.000000	24	26570	
082	  0.063159	 51.991612	   1375.122208	   1375.122208	230108	   1375.124256	   1375.120167	0.0	      0.000000	24	26570	
083	 -0.025264	 33.947930	   1375.118984	   1375.118984	230953	   1375.121033	   1375.116943	0.0	      0.000000	24	26570	
084	 -0.315797	 30.814579	   1375.100616	   1375.100616	235768	   1375.102665	   1375.098576	0.0	      0.000000	24	26570	
085	  0.025264	 35.204366	   1375.095089	   1375.095089	237217	   1375.097137	   1375.093048	0.0	      0.000000	24	26570	
086	  0.227374	 34.407270	   1375.088604	   1375.088604	238917	   1375.090652	   1375.086563	0.0	      0.000000	24	26570	
087	  0.101055	 35.089303	   1375.083755	   1375.083755	240188	   1375.085804	   1375.081715	0.0	      0.000000	24	26570	
088	  0.088423	 56.599623	   1375.048126	   1375.048126	249528	   1375.050175	   1375.046085	0.0	      0.000000	24	26570	
089	  0.075791	 68.926308	   1375.037380	   1375.037380	252345	   1375.039429	   1375.035339	0.0	      0.000000	24	26570	
090	  0.138951	 40.239468	   1375.002899	   1375.002899	261384	   1375.004948	   1375.000858	0.0	      0.000000	24	26570	
091	 -0.000000	 28.285315	   1375.000000	   1375.000000	262144	   1375.002048	   1374.997959	0.0	      0.000000	24	26570	
092	 -0.000000	 90.230311	   1374.996864	   1374.996864	262966	   1374.998913	   1374.994823	0.0	      0.000000	24	26570	
093	 -0.063159	1093.682291	   1374.991425	   1374.991425	264392	   1374.993473	   1374.989384	0.0	      0.000000	24	26570	
094	  0.025264	120.183532	   1374.986313	   1374.986313	265732	   1374.988361	   1374.984272	0.0	      0.000000	24	26570	
095	  0.012632	 59.085921	   1374.949448	   1374.949448	275396	   1374.951496	   1374.947407	0.0	      0.000000	24	26570	
096	 -1.490561	160.384220	   1372.000240	   1372.000240	1048513	   1372.002289	   1372.000004	0.0	      0.000000	24	26570	
097	 -0.000000	 88.034841	   1371.000000	   1371.000000	262144	   1371.002048	   1370.997959	0.0	      0.000000	25	46	
098	 -0.000000	 49.122638	   1370.000000	   1370.000000	524288	   1370.002048	   1369.997959	0.0	      0.000000	25	46	
099	  0.075791	105.366357	   1366.125698	   1366.125698	491337	   1366.127747	   1366.123657	0.0	      0.000000	26	222	
100	 -0.000000	 28.996153	   1365.365852	   1365.365852	690526	   1365.367901	   1365.363811	0.0	      0.000000	26	222	
101	 -0.000000	 85.329136	   1365.271599	   1365.271599	715234	   1365.273647	   1365.269558	0.0	      0.000000	26	222	
102	  0.037896	128.073604	   1364.286961	   1364.286961	973351	   1364.289009	   1364.284920	0.0	      0.000000	26	222	
103	 -0.000000	202.044739	   1360.000000	   1360.000000	0	   1360.000000	   1359.997959	0.0	      0.000000	28	86	
104	 -0.012632	 48.122044	   1359.982590	   1359.982590	4564	   1359.984638	   1359.980549	0.0	      0.000000	28	86	
105	  0.050527	 26.074344	   1356.816536	   1356.816536	834526	   1356.818584	   1356.814495	0.0	      0.000000	28	86	
106	 -0.581066	 45.915469	   1356.642357	   1356.642357	880186	   1356.644405	   1356.640316	0.0	      0.000000	28	86	
107	 -0.000000	 92.231673	   1356.585209	   1356.585209	895167	   1356.587257	   1356.583168	0.0	      0.000000	28	86	
108	  0.151582	 28.230808	   1349.965328	   1349.965328	533377	   1349.967377	   1349.963287	0.0	      0.000000	30	15	
109	 -0.000000	 57.251375	   1349.000000	   1349.000000	786432	   1349.002048	   1348.997959	0.0	      0.000000	30	15	
110	  0.366324	 32.354068	   1344.026840	   1344.026840	1041540	   1344.028889	   1344.024799	0.0	      0.000000	31	651	
111	  0.265269	156.792394	   1344.024509	   1344.024509	1042151	   1344.026558	   1344.022469	0.0	      0.000000	31	651	
