# -------------------------- o --------------------------
# File ID: blc06_ProxCen_S_2019-04-29T13:02:35.000.h5 
# -------------------------- o --------------------------
# Source:ProxCen_S
# MJD: 58602.543460648143	RA: 14h29m42.949s	DEC: -61d59m53.84s
# DELTAT:  16.777216	DELTAF(Hz):  -3.814697
# --------------------------
# Top_Hit_# 	Drift_Rate 	SNR 	Uncorrected_Frequency 	Corrected_Frequency 	Index 	freq_start 	freq_end 	SEFD 	SEFD_freq 	Coarse_Channel_Number 	Full_number_of_hits 	
# --------------------------
001	 -0.000000	175.633676	   1472.000000	   1472.000000	0	   1472.000000	   1471.991814	0.0	      0.000000	0	8	
002	 -0.000000	109.112596	   1466.498787	   1466.498787	393534	   1466.506981	   1466.490601	0.0	      0.000000	1	45	
003	 -0.000000	 25.719513	   1466.423038	   1466.423038	413391	   1466.431232	   1466.414852	0.0	      0.000000	1	45	
004	 -0.000000	 73.352214	   1460.000000	   1460.000000	0	   1460.000000	   1459.991814	0.0	      0.000000	3	3	
005	 -0.000000	144.037489	   1456.000000	   1456.000000	0	   1456.000000	   1455.991814	0.0	      0.000000	4	12	
006	  0.010625	 30.310839	   1455.319984	   1455.319984	178262	   1455.328178	   1455.311798	0.0	      0.000000	4	12	
007	 -0.257124	 25.458228	   1454.866867	   1454.866867	297044	   1454.875061	   1454.858681	0.0	      0.000000	4	12	
008	 -0.000000	 29.291145	   1450.146305	   1450.146305	485935	   1450.154499	   1450.138119	0.0	      0.000000	5	23	
009	 -0.000000	 59.919247	   1450.000000	   1450.000000	524288	   1450.008194	   1449.991814	0.0	      0.000000	5	23	
010	  0.193374	153.647228	   1445.055061	   1445.055061	771998	   1445.063255	   1445.046875	0.0	      0.000000	6	5681	
011	 -0.000000	282.809868	   1445.000000	   1445.000000	786432	   1445.008194	   1444.991814	0.0	      0.000000	6	5681	
012	 -0.000000	 25.938958	   1443.000000	   1443.000000	262144	   1443.008194	   1442.991814	0.0	      0.000000	7	863	
013	 -0.085000	 36.517147	   1440.201191	   1440.201191	995835	   1440.209385	   1440.193005	0.0	      0.000000	7	863	
014	  0.036125	 42.742093	   1440.117950	   1440.117950	1017656	   1440.126144	   1440.109764	0.0	      0.000000	7	863	
015	  0.093499	278.943742	   1440.045025	   1440.045025	1036773	   1440.053219	   1440.036839	0.0	      0.000000	7	863	
016	  0.002125	 36.857558	   1440.026306	   1440.026306	1041680	   1440.034500	   1440.018120	0.0	      0.000000	7	863	
017	 -0.000000	4721.867167	   1440.000000	   1440.000000	0	   1440.000000	   1439.991814	0.0	      0.000000	8	673664	
018	  1.986863	102.631405	   1439.999359	   1439.999359	168	   1440.000000	   1439.991173	0.0	      0.000000	8	673664	
019	 -0.004250	 94.541376	   1439.981552	   1439.981552	4836	   1439.989746	   1439.973366	0.0	      0.000000	8	673664	
020	  0.029750	149.171060	   1439.953983	   1439.953983	12063	   1439.962177	   1439.945797	0.0	      0.000000	8	673664	
021	  0.008500	 27.764468	   1439.816303	   1439.816303	48155	   1439.824497	   1439.808117	0.0	      0.000000	8	673664	
022	  0.048875	 30.407283	   1439.426949	   1439.426949	150222	   1439.435143	   1439.418762	0.0	      0.000000	8	673664	
023	  0.008500	 95.252738	   1438.376244	   1438.376244	425658	   1438.384438	   1438.368057	0.0	      0.000000	8	673664	
024	 -0.002125	 87.302189	   1437.655407	   1437.655407	614621	   1437.663601	   1437.647221	0.0	      0.000000	8	673664	
025	 -0.002125	5395.317674	   1437.645046	   1437.645046	617337	   1437.653240	   1437.636860	0.0	      0.000000	8	673664	
026	  0.002125	695.047128	   1437.622604	   1437.622604	623220	   1437.630798	   1437.614418	0.0	      0.000000	8	673664	
027	 -0.000000	254.509328	   1437.603775	   1437.603775	628156	   1437.611969	   1437.595589	0.0	      0.000000	8	673664	
028	  0.012750	536.661455	   1437.592724	   1437.592724	631053	   1437.600918	   1437.584538	0.0	      0.000000	8	673664	
029	  0.010625	178.672854	   1437.554604	   1437.554604	641046	   1437.562798	   1437.546417	0.0	      0.000000	8	673664	
030	 -0.000000	 56.560530	   1437.502365	   1437.502365	654740	   1437.510559	   1437.494179	0.0	      0.000000	8	673664	
031	  0.002125	148.275311	   1437.440281	   1437.440281	671015	   1437.448475	   1437.432095	0.0	      0.000000	8	673664	
032	  0.002125	 83.290281	   1436.905518	   1436.905518	811200	   1436.913712	   1436.897331	0.0	      0.000000	8	673664	
033	 -1.988988	101.616966	   1436.000641	   1436.000641	1048408	   1436.008835	   1436.000004	0.0	      0.000000	8	673664	
034	 -0.000000	202.886917	   1435.000000	   1435.000000	262144	   1435.008194	   1434.991814	0.0	      0.000000	9	140	
035	  0.040375	 29.150320	   1431.899876	   1431.899876	26247	   1431.908070	   1431.891689	0.0	      0.000000	10	12	
036	 -0.000000	 62.029715	   1430.000000	   1430.000000	524288	   1430.008194	   1429.991814	0.0	      0.000000	10	12	
037	 -0.000000	 35.936126	   1425.143784	   1425.143784	748740	   1425.151978	   1425.135597	0.0	      0.000000	11	22	
038	 -0.000000	187.217344	   1420.000000	   1420.000000	0	   1420.000000	   1419.991814	0.0	      0.000000	13	14587565	
039	 -0.000000	 80.612985	   1419.999996	   1419.999996	1	   1420.000000	   1419.991810	0.0	      0.000000	13	14587565	
040	 -0.008500	 26.065510	   1417.918392	   1417.918392	545681	   1417.926586	   1417.910206	0.0	      0.000000	13	14587565	
041	 -1.940114	 56.709024	   1416.000546	   1416.000546	1048433	   1416.008739	   1416.000004	0.0	      0.000000	13	14587565	
042	 -0.014875	 71.271925	   1415.567192	   1415.567192	113458	   1415.575386	   1415.559006	0.0	      0.000000	14	337	
043	  0.002125	 32.869463	   1415.554340	   1415.554340	116827	   1415.562534	   1415.546154	0.0	      0.000000	14	337	
044	 -0.000000	327.454726	   1413.000000	   1413.000000	786432	   1413.008194	   1412.991814	0.0	      0.000000	14	337	
045	 -0.000000	197.730025	   1410.000000	   1410.000000	524288	   1410.008194	   1409.991814	0.0	      0.000000	15	5217	
046	  0.021250	 25.700748	   1408.434555	   1408.434555	934660	   1408.442749	   1408.426369	0.0	      0.000000	15	5217	
047	 -0.004250	 26.772826	   1408.190647	   1408.190647	998599	   1408.198841	   1408.182461	0.0	      0.000000	15	5217	
048	 -0.000000	218.669080	   1408.025723	   1408.025723	1041833	   1408.033916	   1408.017536	0.0	      0.000000	15	5217	
049	 -0.000000	740996595.338955	   1408.000000	   1408.000000	0	   1408.000000	   1407.991814	0.0	      0.000000	16	99198	
050	  1.738240	6939719.528833	   1407.997585	   1407.997585	633	   1408.000000	   1407.989399	0.0	      0.000000	16	99198	
051	 -0.008500	 34.008907	   1406.230560	   1406.230560	463848	   1406.238754	   1406.222374	0.0	      0.000000	16	99198	
052	 -1.453492	6939722.092192	   1404.002018	   1404.002018	1048047	   1404.010212	   1404.000004	0.0	      0.000000	16	99198	
053	 -0.000000	190.889330	   1403.000000	   1403.000000	262144	   1403.008194	   1402.991814	0.0	      0.000000	17	2899	
054	 -0.053125	 29.153727	   1400.800953	   1400.800953	838611	   1400.809147	   1400.792767	0.0	      0.000000	17	2899	
055	 -0.008500	551.447313	   1400.025234	   1400.025234	1041961	   1400.033428	   1400.017048	0.0	      0.000000	17	2899	
056	  0.063750	 90.568905	   1400.016865	   1400.016865	1044155	   1400.025059	   1400.008678	0.0	      0.000000	17	2899	
057	  0.002125	345.085749	   1399.996819	   1399.996819	834	   1400.000000	   1399.988632	0.0	      0.000000	18	1366	
058	 -0.002125	100.945244	   1399.982063	   1399.982063	4702	   1399.990257	   1399.973877	0.0	      0.000000	18	1366	
059	  0.040375	 45.686724	   1399.971111	   1399.971111	7573	   1399.979305	   1399.962925	0.0	      0.000000	18	1366	
060	 -0.000000	 44.767435	   1399.839752	   1399.839752	42008	   1399.847946	   1399.831566	0.0	      0.000000	18	1366	
061	 -0.000000	112.114007	   1397.919003	   1397.919003	545521	   1397.927197	   1397.910816	0.0	      0.000000	18	1366	
062	 -0.231624	 28.911811	   1395.885765	   1395.885765	29946	   1395.893959	   1395.877579	0.0	      0.000000	19	67	
063	  0.012750	 29.069397	   1395.371368	   1395.371368	164792	   1395.379562	   1395.363182	0.0	      0.000000	19	67	
064	  0.008500	 46.048299	   1395.277580	   1395.277580	189378	   1395.285774	   1395.269394	0.0	      0.000000	19	67	
065	 -0.254999	 25.485217	   1392.871567	   1392.871567	820100	   1392.879761	   1392.863380	0.0	      0.000000	19	67	
066	 -0.014875	 25.856553	   1391.983910	   1391.983910	4218	   1391.992104	   1391.975723	0.0	      0.000000	20	37830	
067	  0.023375	168.285134	   1391.955521	   1391.955521	11660	   1391.963715	   1391.947334	0.0	      0.000000	20	37830	
068	 -0.254999	 28.094383	   1391.848568	   1391.848568	39697	   1391.856762	   1391.840382	0.0	      0.000000	20	37830	
069	 -0.267748	 30.746402	   1391.733582	   1391.733582	69840	   1391.741776	   1391.725395	0.0	      0.000000	20	37830	
070	 -0.195499	 28.458842	   1391.633499	   1391.633499	96076	   1391.641693	   1391.625313	0.0	      0.000000	20	37830	
071	 -0.301748	 40.564033	   1390.925621	   1390.925621	281642	   1390.933815	   1390.917435	0.0	      0.000000	20	37830	
072	 -0.339998	 31.827132	   1390.825668	   1390.825668	307844	   1390.833862	   1390.817482	0.0	      0.000000	20	37830	
073	 -0.337873	 44.704176	   1390.710663	   1390.710663	337992	   1390.718857	   1390.702477	0.0	      0.000000	20	37830	
074	 -0.344248	 33.498101	   1390.610672	   1390.610672	364204	   1390.618866	   1390.602486	0.0	      0.000000	20	37830	
075	 -0.108374	 44.803297	   1390.194233	   1390.194233	473371	   1390.202427	   1390.186047	0.0	      0.000000	20	37830	
076	 -0.000000	203.847359	   1390.000000	   1390.000000	524288	   1390.008194	   1389.991814	0.0	      0.000000	20	37830	
077	 -0.000000	 28.076270	   1389.952999	   1389.952999	536609	   1389.961193	   1389.944813	0.0	      0.000000	20	37830	
078	 -0.339998	 55.769578	   1389.902668	   1389.902668	549803	   1389.910862	   1389.894482	0.0	      0.000000	20	37830	
079	 -0.229499	 26.516486	   1389.870541	   1389.870541	558225	   1389.878735	   1389.862354	0.0	      0.000000	20	37830	
080	 -0.344248	 33.726783	   1389.832672	   1389.832672	568152	   1389.840866	   1389.824486	0.0	      0.000000	20	37830	
081	 -0.333623	 30.793912	   1389.820660	   1389.820660	571301	   1389.828854	   1389.812473	0.0	      0.000000	20	37830	
082	 -0.346373	 49.645643	   1389.802673	   1389.802673	576016	   1389.810867	   1389.794487	0.0	      0.000000	20	37830	
083	 -0.333623	 67.274456	   1389.687660	   1389.687660	606166	   1389.695854	   1389.679474	0.0	      0.000000	20	37830	
084	 -0.344248	 35.734736	   1389.674671	   1389.674671	609571	   1389.682865	   1389.666485	0.0	      0.000000	20	37830	
085	 -0.344248	 27.267762	   1389.657673	   1389.657673	614027	   1389.665867	   1389.649487	0.0	      0.000000	20	37830	
086	 -0.250749	 30.527159	   1389.619564	   1389.619564	624017	   1389.627758	   1389.611378	0.0	      0.000000	20	37830	
087	 -0.635371	 46.543009	   1389.588009	   1389.588009	632289	   1389.596203	   1389.579823	0.0	      0.000000	20	37830	
088	 -0.180624	 28.016999	   1389.520485	   1389.520485	649990	   1389.528679	   1389.512299	0.0	      0.000000	20	37830	
089	 -0.337873	 28.408086	   1389.436665	   1389.436665	671963	   1389.444859	   1389.428478	0.0	      0.000000	20	37830	
090	 -0.218874	 27.012376	   1389.030529	   1389.030529	778429	   1389.038723	   1389.022343	0.0	      0.000000	20	37830	
091	 -0.333623	 27.261235	   1388.985661	   1388.985661	790191	   1388.993855	   1388.977474	0.0	      0.000000	20	37830	
092	 -0.339998	 34.024365	   1388.946667	   1388.946667	800413	   1388.954861	   1388.938480	0.0	      0.000000	20	37830	
093	 -0.337873	 31.358037	   1388.922665	   1388.922665	806705	   1388.930859	   1388.914478	0.0	      0.000000	20	37830	
094	 -0.254999	 25.771738	   1388.896568	   1388.896568	813546	   1388.904762	   1388.888382	0.0	      0.000000	20	37830	
095	 -0.333623	 76.058316	   1388.879662	   1388.879662	817978	   1388.887856	   1388.871475	0.0	      0.000000	20	37830	
096	 -0.333623	 44.153571	   1388.847660	   1388.847660	826367	   1388.855854	   1388.839474	0.0	      0.000000	20	37830	
097	 -0.333623	 40.557438	   1388.809662	   1388.809662	836328	   1388.817856	   1388.801476	0.0	      0.000000	20	37830	
098	 -0.333623	 44.813639	   1388.797661	   1388.797661	839474	   1388.805855	   1388.789474	0.0	      0.000000	20	37830	
099	 -0.333623	 84.124962	   1388.779659	   1388.779659	844193	   1388.787853	   1388.771473	0.0	      0.000000	20	37830	
100	 -0.337873	 35.867987	   1388.729664	   1388.729664	857299	   1388.737858	   1388.721478	0.0	      0.000000	20	37830	
101	 -0.208249	 30.810388	   1388.714516	   1388.714516	861270	   1388.722710	   1388.706329	0.0	      0.000000	20	37830	
102	 -0.337873	 93.014415	   1388.664665	   1388.664665	874338	   1388.672859	   1388.656479	0.0	      0.000000	20	37830	
103	 -0.333623	 51.943907	   1388.651661	   1388.651661	877747	   1388.659855	   1388.643475	0.0	      0.000000	20	37830	
104	 -0.342123	 41.048793	   1388.634670	   1388.634670	882201	   1388.642864	   1388.626484	0.0	      0.000000	20	37830	
105	 -0.344248	 47.151240	   1388.596672	   1388.596672	892162	   1388.604866	   1388.588486	0.0	      0.000000	20	37830	
106	 -0.337873	 81.312335	   1388.564663	   1388.564663	900553	   1388.572857	   1388.556477	0.0	      0.000000	20	37830	
107	 -0.229499	 28.516266	   1388.547543	   1388.547543	905041	   1388.555737	   1388.539356	0.0	      0.000000	20	37830	
108	 -0.333623	 34.868280	   1388.521660	   1388.521660	911826	   1388.529854	   1388.513474	0.0	      0.000000	20	37830	
109	 -0.339998	 38.947732	   1388.497669	   1388.497669	918115	   1388.505863	   1388.489483	0.0	      0.000000	20	37830	
110	 -0.318748	 31.370751	   1388.458641	   1388.458641	928346	   1388.466835	   1388.450455	0.0	      0.000000	20	37830	
111	 -0.248624	 27.908102	   1388.445564	   1388.445564	931774	   1388.453758	   1388.437378	0.0	      0.000000	20	37830	
112	 -0.339998	 34.372996	   1388.413670	   1388.413670	940135	   1388.421864	   1388.405483	0.0	      0.000000	20	37830	
113	 -0.339998	 27.821667	   1388.387669	   1388.387669	946951	   1388.395863	   1388.379482	0.0	      0.000000	20	37830	
114	 -0.363373	 30.986285	   1388.033695	   1388.033695	1039743	   1388.041889	   1388.025509	0.0	      0.000000	20	37830	
115	 -0.333623	 44.881832	   1388.007660	   1388.007660	1046568	   1388.015854	   1388.000004	0.0	      0.000000	20	37830	
116	 -0.333623	 34.335945	   1387.975662	   1387.975662	6380	   1387.983856	   1387.967476	0.0	      0.000000	21	1781230	
117	 -0.191249	 40.797683	   1387.962494	   1387.962494	9832	   1387.970688	   1387.954308	0.0	      0.000000	21	1781230	
118	 -0.152999	 33.944874	   1387.939449	   1387.939449	15873	   1387.947643	   1387.931263	0.0	      0.000000	21	1781230	
119	 -0.333623	 67.828332	   1387.923660	   1387.923660	20012	   1387.931854	   1387.915474	0.0	      0.000000	21	1781230	
120	 -0.333623	 46.610727	   1387.899662	   1387.899662	26303	   1387.907856	   1387.891476	0.0	      0.000000	21	1781230	
121	 -0.333623	 45.949082	   1387.873661	   1387.873661	33119	   1387.881855	   1387.865475	0.0	      0.000000	21	1781230	
122	 -0.212499	106.021487	   1387.856522	   1387.856522	37612	   1387.864716	   1387.848335	0.0	      0.000000	21	1781230	
123	 -0.337873	 76.113528	   1387.824665	   1387.824665	45963	   1387.832859	   1387.816479	0.0	      0.000000	21	1781230	
124	 -0.263498	 27.183217	   1387.810581	   1387.810581	49655	   1387.818775	   1387.802395	0.0	      0.000000	21	1781230	
125	 -0.344248	 70.278633	   1387.786671	   1387.786671	55923	   1387.794865	   1387.778484	0.0	      0.000000	21	1781230	
126	 -0.333623	 78.816889	   1387.769661	   1387.769661	60382	   1387.777855	   1387.761475	0.0	      0.000000	21	1781230	
127	 -0.333623	164.502696	   1387.756660	   1387.756660	63790	   1387.764854	   1387.748474	0.0	      0.000000	21	1781230	
128	 -0.333623	 35.484574	   1387.721661	   1387.721661	72965	   1387.729855	   1387.713474	0.0	      0.000000	21	1781230	
129	 -0.337873	 58.740361	   1387.706665	   1387.706665	76896	   1387.714859	   1387.698479	0.0	      0.000000	21	1781230	
130	 -0.333623	 49.810347	   1387.692661	   1387.692661	80567	   1387.700855	   1387.684475	0.0	      0.000000	21	1781230	
131	 -0.282623	 31.009868	   1387.672604	   1387.672604	85825	   1387.680798	   1387.664417	0.0	      0.000000	21	1781230	
132	 -0.333623	125.198239	   1387.641663	   1387.641663	93936	   1387.649857	   1387.633476	0.0	      0.000000	21	1781230	
133	 -0.337873	 78.517847	   1387.623665	   1387.623665	98654	   1387.631859	   1387.615479	0.0	      0.000000	21	1781230	
134	 -0.337873	 88.211518	   1387.611664	   1387.611664	101800	   1387.619858	   1387.603477	0.0	      0.000000	21	1781230	
135	 -0.263498	 30.920442	   1387.587582	   1387.587582	108113	   1387.595776	   1387.579395	0.0	      0.000000	21	1781230	
136	 -0.344248	 70.273124	   1387.573673	   1387.573673	111759	   1387.581867	   1387.565487	0.0	      0.000000	21	1781230	
137	 -0.333623	157.721910	   1387.541660	   1387.541660	120151	   1387.549854	   1387.533474	0.0	      0.000000	21	1781230	
138	 -0.337873	 42.472554	   1387.524666	   1387.524666	124606	   1387.532860	   1387.516479	0.0	      0.000000	21	1781230	
139	 -0.333623	 63.509307	   1387.498661	   1387.498661	131423	   1387.506855	   1387.490475	0.0	      0.000000	21	1781230	
140	 -0.301748	 34.428193	   1387.483624	   1387.483624	135365	   1387.491817	   1387.475437	0.0	      0.000000	21	1781230	
141	 -0.337873	 51.478306	   1387.474667	   1387.474667	137713	   1387.482861	   1387.466480	0.0	      0.000000	21	1781230	
142	 -0.333623	 46.094341	   1387.464661	   1387.464661	140336	   1387.472855	   1387.456474	0.0	      0.000000	21	1781230	
143	 -0.161499	 33.752791	   1387.448463	   1387.448463	144582	   1387.456657	   1387.440277	0.0	      0.000000	21	1781230	
144	 -0.333623	 51.644286	   1387.435661	   1387.435661	147938	   1387.443855	   1387.427475	0.0	      0.000000	21	1781230	
145	 -0.337873	 51.897834	   1387.422665	   1387.422665	151345	   1387.430859	   1387.414478	0.0	      0.000000	21	1781230	
146	 -0.333623	 32.877196	   1387.400661	   1387.400661	157113	   1387.408855	   1387.392475	0.0	      0.000000	21	1781230	
147	 -0.339998	 51.516044	   1387.390667	   1387.390667	159733	   1387.398861	   1387.382481	0.0	      0.000000	21	1781230	
148	 -0.337873	 40.190763	   1387.364666	   1387.364666	166549	   1387.372860	   1387.356480	0.0	      0.000000	21	1781230	
149	 -0.267748	 26.694322	   1387.032585	   1387.032585	253602	   1387.040779	   1387.024399	0.0	      0.000000	21	1781230	
150	 -0.337873	 45.759373	   1387.010666	   1387.010666	259348	   1387.018860	   1387.002480	0.0	      0.000000	21	1781230	
151	 -0.333623	 77.180344	   1386.984661	   1386.984661	266165	   1386.992855	   1386.976475	0.0	      0.000000	21	1781230	
152	 -0.329373	 26.539303	   1386.962654	   1386.962654	271934	   1386.970848	   1386.954468	0.0	      0.000000	21	1781230	
153	 -0.344248	 42.087669	   1386.952671	   1386.952671	274551	   1386.960865	   1386.944485	0.0	      0.000000	21	1781230	
154	 -0.333623	 44.092070	   1386.939663	   1386.939663	277961	   1386.947857	   1386.931477	0.0	      0.000000	21	1781230	
155	 -0.337873	 50.786251	   1386.916664	   1386.916664	283990	   1386.924858	   1386.908478	0.0	      0.000000	21	1781230	
156	 -0.337873	 90.014044	   1386.900665	   1386.900665	288184	   1386.908859	   1386.892479	0.0	      0.000000	21	1781230	
157	 -0.416498	 49.215560	   1386.876759	   1386.876759	294451	   1386.884953	   1386.868572	0.0	      0.000000	21	1781230	
158	 -0.333623	 58.975168	   1386.852661	   1386.852661	300768	   1386.860855	   1386.844475	0.0	      0.000000	21	1781230	
159	 -0.333623	165.961305	   1386.833660	   1386.833660	305749	   1386.841854	   1386.825474	0.0	      0.000000	21	1781230	
160	 -0.333623	 83.013721	   1386.801662	   1386.801662	314137	   1386.809856	   1386.793476	0.0	      0.000000	21	1781230	
161	 -0.295373	 27.974831	   1386.787617	   1386.787617	317819	   1386.795811	   1386.779430	0.0	      0.000000	21	1781230	
162	 -0.337873	103.905784	   1386.763664	   1386.763664	324098	   1386.771858	   1386.755478	0.0	      0.000000	21	1781230	
163	 -0.333623	 87.779402	   1386.746662	   1386.746662	328555	   1386.754856	   1386.738476	0.0	      0.000000	21	1781230	
164	 -0.333623	207.602691	   1386.733662	   1386.733662	331963	   1386.741856	   1386.725475	0.0	      0.000000	21	1781230	
165	 -0.333623	 41.340875	   1386.698662	   1386.698662	341138	   1386.706856	   1386.690475	0.0	      0.000000	21	1781230	
166	 -0.337873	 63.173386	   1386.683666	   1386.683666	345069	   1386.691860	   1386.675480	0.0	      0.000000	21	1781230	
167	 -0.333623	 53.220702	   1386.669662	   1386.669662	348740	   1386.677856	   1386.661476	0.0	      0.000000	21	1781230	
168	 -0.214624	 36.286894	   1386.653526	   1386.653526	352970	   1386.661720	   1386.645340	0.0	      0.000000	21	1781230	
169	 -0.337873	 87.138866	   1386.630665	   1386.630665	358963	   1386.638859	   1386.622478	0.0	      0.000000	21	1781230	
170	 -0.333623	166.183570	   1386.618660	   1386.618660	362110	   1386.626854	   1386.610474	0.0	      0.000000	21	1781230	
171	 -0.333623	114.845516	   1386.588661	   1386.588661	369974	   1386.596855	   1386.580475	0.0	      0.000000	21	1781230	
172	 -0.182749	 29.155494	   1386.564487	   1386.564487	376311	   1386.572681	   1386.556301	0.0	      0.000000	21	1781230	
173	 -0.337873	 70.461205	   1386.550667	   1386.550667	379934	   1386.558861	   1386.542480	0.0	      0.000000	21	1781230	
174	 -0.333623	192.906801	   1386.518661	   1386.518661	388324	   1386.526855	   1386.510475	0.0	      0.000000	21	1781230	
175	 -0.344248	 50.768350	   1386.499672	   1386.499672	393302	   1386.507866	   1386.491486	0.0	      0.000000	21	1781230	
176	 -0.274123	 69.763358	   1386.475594	   1386.475594	399614	   1386.483788	   1386.467407	0.0	      0.000000	21	1781230	
177	 -0.333623	 71.809423	   1386.451660	   1386.451660	405888	   1386.459854	   1386.443474	0.0	      0.000000	21	1781230	
178	 -0.269873	 59.152717	   1386.435589	   1386.435589	410101	   1386.443783	   1386.427402	0.0	      0.000000	21	1781230	
179	 -0.337873	 53.467386	   1386.412666	   1386.412666	416110	   1386.420860	   1386.404480	0.0	      0.000000	21	1781230	
180	 -0.333623	 55.010501	   1386.399662	   1386.399662	419519	   1386.407856	   1386.391476	0.0	      0.000000	21	1781230	
181	 -0.280498	 77.107561	   1386.367599	   1386.367599	427924	   1386.375793	   1386.359413	0.0	      0.000000	21	1781230	
182	 -0.662996	 38.496957	   1386.342041	   1386.342041	434624	   1386.350235	   1386.333855	0.0	      0.000000	21	1781230	
183	  0.116874	 69.696969	   1386.134068	   1386.134068	489143	   1386.142262	   1386.125881	0.0	      0.000000	21	1781230	
184	  0.110499	 95.352523	   1386.075989	   1386.075989	504368	   1386.084183	   1386.067802	0.0	      0.000000	21	1781230	
185	 -0.195499	 30.217713	   1386.009502	   1386.009502	521797	   1386.017696	   1386.001316	0.0	      0.000000	21	1781230	
186	 -0.252874	 47.069135	   1385.987572	   1385.987572	527546	   1385.995766	   1385.979385	0.0	      0.000000	21	1781230	
187	 -0.333623	 93.679035	   1385.961662	   1385.961662	534338	   1385.969856	   1385.953476	0.0	      0.000000	21	1781230	
188	 -0.333623	 65.310223	   1385.929661	   1385.929661	542727	   1385.937855	   1385.921474	0.0	      0.000000	21	1781230	
189	 -0.235874	 59.676453	   1385.916550	   1385.916550	546164	   1385.924744	   1385.908363	0.0	      0.000000	21	1781230	
190	 -0.252874	 68.973484	   1385.893570	   1385.893570	552188	   1385.901764	   1385.885384	0.0	      0.000000	21	1781230	
191	 -0.344248	102.934831	   1385.877674	   1385.877674	556355	   1385.885868	   1385.869488	0.0	      0.000000	21	1781230	
192	 -0.333623	 80.094922	   1385.853661	   1385.853661	562650	   1385.861855	   1385.845474	0.0	      0.000000	21	1781230	
193	 -0.293248	 70.603885	   1385.829613	   1385.829613	568954	   1385.837807	   1385.821426	0.0	      0.000000	21	1781230	
194	 -0.333623	247.884775	   1385.810661	   1385.810661	573922	   1385.818855	   1385.802475	0.0	      0.000000	21	1781230	
195	 -0.446247	 85.386724	   1385.778790	   1385.778790	582277	   1385.786983	   1385.770603	0.0	      0.000000	21	1781230	
196	 -0.433497	 32.184255	   1385.764778	   1385.764778	585950	   1385.772972	   1385.756592	0.0	      0.000000	21	1781230	
197	 -0.333623	152.818367	   1385.740662	   1385.740662	592272	   1385.748856	   1385.732475	0.0	      0.000000	21	1781230	
198	 -0.344248	245.750916	   1385.710674	   1385.710674	600133	   1385.718868	   1385.702488	0.0	      0.000000	21	1781230	
199	 -0.303873	 49.098727	   1385.675629	   1385.675629	609320	   1385.683823	   1385.667442	0.0	      0.000000	21	1781230	
200	 -0.197624	 70.896967	   1385.660507	   1385.660507	613284	   1385.668701	   1385.652321	0.0	      0.000000	21	1781230	
201	 -0.223124	 75.253439	   1385.645535	   1385.645535	617209	   1385.653728	   1385.637348	0.0	      0.000000	21	1781230	
202	 -0.295373	 56.609775	   1385.630615	   1385.630615	621120	   1385.638809	   1385.622429	0.0	      0.000000	21	1781230	
203	 -0.333623	283.531609	   1385.595661	   1385.595661	630283	   1385.603855	   1385.587475	0.0	      0.000000	21	1781230	
204	 -0.220999	121.082739	   1385.582531	   1385.582531	633725	   1385.590725	   1385.574345	0.0	      0.000000	21	1781230	
205	 -0.333623	157.506772	   1385.565662	   1385.565662	638147	   1385.573856	   1385.557476	0.0	      0.000000	21	1781230	
206	 -0.212499	 39.213994	   1385.541523	   1385.541523	644475	   1385.549717	   1385.533337	0.0	      0.000000	21	1781230	
207	 -0.231624	 97.767571	   1385.527546	   1385.527546	648139	   1385.535740	   1385.519360	0.0	      0.000000	21	1781230	
208	 -0.344248	264.192333	   1385.495674	   1385.495674	656494	   1385.503868	   1385.487488	0.0	      0.000000	21	1781230	
209	 -0.337873	 79.743819	   1385.476665	   1385.476665	661477	   1385.484859	   1385.468479	0.0	      0.000000	21	1781230	
210	 -0.337873	 84.838799	   1385.452667	   1385.452667	667768	   1385.460861	   1385.444481	0.0	      0.000000	21	1781230	
211	 -0.337873	120.425424	   1385.428665	   1385.428665	674060	   1385.436859	   1385.420479	0.0	      0.000000	21	1781230	
212	 -0.242249	 82.886005	   1385.412556	   1385.412556	678283	   1385.420750	   1385.404369	0.0	      0.000000	21	1781230	
213	 -0.444122	 65.419768	   1385.389790	   1385.389790	684251	   1385.397984	   1385.381603	0.0	      0.000000	21	1781230	
214	 -0.265623	 71.544305	   1385.376587	   1385.376587	687712	   1385.384781	   1385.368401	0.0	      0.000000	21	1781230	
215	 -0.584372	 39.737326	   1385.354950	   1385.354950	693384	   1385.363144	   1385.346764	0.0	      0.000000	21	1781230	
216	 -0.333623	124.456965	   1385.344662	   1385.344662	696081	   1385.352856	   1385.336475	0.0	      0.000000	21	1781230	
217	 -0.333623	 65.237118	   1385.318661	   1385.318661	702897	   1385.326855	   1385.310474	0.0	      0.000000	21	1781230	
218	 -0.297498	 37.777408	   1385.296619	   1385.296619	708675	   1385.304813	   1385.288433	0.0	      0.000000	21	1781230	
219	 -0.333623	 25.316496	   1385.025661	   1385.025661	779705	   1385.033855	   1385.017475	0.0	      0.000000	21	1781230	
220	 -0.282623	 25.216182	   1384.995605	   1384.995605	787584	   1385.003799	   1384.987419	0.0	      0.000000	21	1781230	
221	 -0.195499	 38.183735	   1384.986504	   1384.986504	789970	   1384.994698	   1384.978317	0.0	      0.000000	21	1781230	
222	 -0.582247	 73.877320	   1384.964947	   1384.964947	795621	   1384.973141	   1384.956760	0.0	      0.000000	21	1781230	
223	 -0.344248	131.630611	   1384.938675	   1384.938675	802508	   1384.946869	   1384.930489	0.0	      0.000000	21	1781230	
224	 -0.337873	110.264715	   1384.906666	   1384.906666	810899	   1384.914860	   1384.898479	0.0	      0.000000	21	1781230	
225	 -0.333623	118.417492	   1384.893661	   1384.893661	814308	   1384.901855	   1384.885475	0.0	      0.000000	21	1781230	
226	 -0.333623	 69.389480	   1384.880661	   1384.880661	817716	   1384.888855	   1384.872475	0.0	      0.000000	21	1781230	
227	 -0.333623	117.002909	   1384.870663	   1384.870663	820337	   1384.878857	   1384.862476	0.0	      0.000000	21	1781230	
228	 -0.337873	140.965466	   1384.854668	   1384.854668	824530	   1384.862862	   1384.846481	0.0	      0.000000	21	1781230	
229	 -0.333623	 73.905583	   1384.845661	   1384.845661	826891	   1384.853855	   1384.837475	0.0	      0.000000	21	1781230	
230	 -0.337873	149.607612	   1384.830666	   1384.830666	830822	   1384.838860	   1384.822479	0.0	      0.000000	21	1781230	
231	 -0.333623	112.277876	   1384.806664	   1384.806664	837114	   1384.814857	   1384.798477	0.0	      0.000000	21	1781230	
232	 -0.333623	447.530575	   1384.787663	   1384.787663	842095	   1384.795856	   1384.779476	0.0	      0.000000	21	1781230	
233	 -0.333623	181.728532	   1384.755661	   1384.755661	850484	   1384.763855	   1384.747475	0.0	      0.000000	21	1781230	
234	 -0.337873	 68.895691	   1384.741665	   1384.741665	854153	   1384.749859	   1384.733479	0.0	      0.000000	21	1781230	
235	 -0.337873	278.536551	   1384.717667	   1384.717667	860444	   1384.725861	   1384.709480	0.0	      0.000000	21	1781230	
236	 -0.333623	391.336773	   1384.687664	   1384.687664	868309	   1384.695858	   1384.679478	0.0	      0.000000	21	1781230	
237	 -0.333623	 93.471388	   1384.656662	   1384.656662	876436	   1384.664856	   1384.648476	0.0	      0.000000	21	1781230	
238	 -0.333623	151.584295	   1384.636662	   1384.636662	881679	   1384.644855	   1384.628475	0.0	      0.000000	21	1781230	
239	 -0.333623	170.655104	   1384.622662	   1384.622662	885349	   1384.630856	   1384.614475	0.0	      0.000000	21	1781230	
240	 -0.337873	125.275845	   1384.607666	   1384.607666	889280	   1384.615860	   1384.599480	0.0	      0.000000	21	1781230	
241	 -0.333623	623.491367	   1384.572662	   1384.572662	898456	   1384.580856	   1384.564476	0.0	      0.000000	21	1781230	
242	 -0.333623	293.221048	   1384.559662	   1384.559662	901864	   1384.567856	   1384.551476	0.0	      0.000000	21	1781230	
243	 -0.337873	296.885665	   1384.542667	   1384.542667	906319	   1384.550861	   1384.534481	0.0	      0.000000	21	1781230	
244	 -0.333623	104.681196	   1384.518661	   1384.518661	912612	   1384.526855	   1384.510475	0.0	      0.000000	21	1781230	
245	 -0.333623	267.867726	   1384.504662	   1384.504662	916282	   1384.512856	   1384.496475	0.0	      0.000000	21	1781230	
246	 -0.344248	502.794888	   1384.472675	   1384.472675	924667	   1384.480869	   1384.464489	0.0	      0.000000	21	1781230	
247	 -0.337873	181.757501	   1384.453667	   1384.453667	929650	   1384.461861	   1384.445480	0.0	      0.000000	21	1781230	
248	 -0.337873	179.988961	   1384.429665	   1384.429665	935942	   1384.437859	   1384.421478	0.0	      0.000000	21	1781230	
249	 -0.333623	300.147462	   1384.405663	   1384.405663	942234	   1384.413857	   1384.397476	0.0	      0.000000	21	1781230	
250	 -0.339998	174.802200	   1384.389671	   1384.389671	946426	   1384.397865	   1384.381485	0.0	      0.000000	21	1781230	
251	 -0.337873	169.940681	   1384.366665	   1384.366665	952457	   1384.374859	   1384.358479	0.0	      0.000000	21	1781230	
252	 -0.412248	145.077807	   1384.353752	   1384.353752	955842	   1384.361946	   1384.345566	0.0	      0.000000	21	1781230	
253	 -0.344248	 95.239878	   1384.343674	   1384.343674	958484	   1384.351868	   1384.335487	0.0	      0.000000	21	1781230	
254	 -0.333623	304.071690	   1384.321663	   1384.321663	964254	   1384.329857	   1384.313477	0.0	      0.000000	21	1781230	
255	 -0.333623	196.721566	   1384.295662	   1384.295662	971070	   1384.303856	   1384.287476	0.0	      0.000000	21	1781230	
256	 -0.333623	101.321156	   1384.273663	   1384.273663	976837	   1384.281857	   1384.265476	0.0	      0.000000	21	1781230	
257	 -0.333623	 68.828357	   1384.253662	   1384.253662	982080	   1384.261856	   1384.245476	0.0	      0.000000	21	1781230	
258	 -0.210374	 46.082725	   1384.226521	   1384.226521	989195	   1384.234715	   1384.218334	0.0	      0.000000	21	1781230	
259	 -0.337873	 30.996438	   1384.217667	   1384.217667	991516	   1384.225861	   1384.209480	0.0	      0.000000	21	1781230	
260	 -0.344248	 38.877882	   1384.022675	   1384.022675	1042632	   1384.030869	   1384.014488	0.0	      0.000000	21	1781230	
261	 -0.333623	 73.287574	   1384.002663	   1384.002663	1047878	   1384.010857	   1384.000004	0.0	      0.000000	21	1781230	
262	 -0.337873	 42.096170	   1383.983665	   1383.983665	4282	   1383.991859	   1383.975479	0.0	      0.000000	22	45498131	
263	 -0.333623	 65.998072	   1383.962662	   1383.962662	9788	   1383.970856	   1383.954475	0.0	      0.000000	22	45498131	
264	 -0.337873	153.202316	   1383.941666	   1383.941666	15292	   1383.949860	   1383.933479	0.0	      0.000000	22	45498131	
265	 -0.416498	181.178738	   1383.915760	   1383.915760	22083	   1383.923954	   1383.907574	0.0	      0.000000	22	45498131	
266	 -0.333623	112.019649	   1383.905663	   1383.905663	24730	   1383.913857	   1383.897476	0.0	      0.000000	22	45498131	
267	 -0.337873	190.630752	   1383.883667	   1383.883667	30496	   1383.891861	   1383.875481	0.0	      0.000000	22	45498131	
268	 -0.337873	206.877270	   1383.870667	   1383.870667	33904	   1383.878860	   1383.862480	0.0	      0.000000	22	45498131	
269	 -0.337873	135.962501	   1383.857666	   1383.857666	37312	   1383.865860	   1383.849480	0.0	      0.000000	22	45498131	
270	 -0.337873	172.425415	   1383.847668	   1383.847668	39933	   1383.855862	   1383.839481	0.0	      0.000000	22	45498131	
271	 -0.333623	230.992742	   1383.831661	   1383.831661	44129	   1383.839855	   1383.823475	0.0	      0.000000	22	45498131	
272	 -0.333623	142.151368	   1383.822662	   1383.822662	46488	   1383.830856	   1383.814476	0.0	      0.000000	22	45498131	
273	 -0.333623	258.696464	   1383.807663	   1383.807663	50420	   1383.815857	   1383.799477	0.0	      0.000000	22	45498131	
274	 -0.333623	188.488129	   1383.781662	   1383.781662	57236	   1383.789856	   1383.773476	0.0	      0.000000	22	45498131	
275	 -0.337873	673.165298	   1383.764668	   1383.764668	61691	   1383.772861	   1383.756481	0.0	      0.000000	22	45498131	
276	 -0.337873	343.838968	   1383.732666	   1383.732666	70080	   1383.740860	   1383.724480	0.0	      0.000000	22	45498131	
277	 -0.333623	122.564544	   1383.718662	   1383.718662	73751	   1383.726856	   1383.710476	0.0	      0.000000	22	45498131	
278	 -0.337873	388.965340	   1383.694668	   1383.694668	80041	   1383.702862	   1383.686481	0.0	      0.000000	22	45498131	
279	 -0.337873	371.945435	   1383.682667	   1383.682667	83187	   1383.690861	   1383.674480	0.0	      0.000000	22	45498131	
280	 -0.337873	645.176414	   1383.664665	   1383.664665	87906	   1383.672859	   1383.656479	0.0	      0.000000	22	45498131	
281	 -0.333623	149.245142	   1383.633663	   1383.633663	96033	   1383.641857	   1383.625477	0.0	      0.000000	22	45498131	
282	 -0.333623	267.663804	   1383.614662	   1383.614662	101014	   1383.622856	   1383.606476	0.0	      0.000000	22	45498131	
283	 -0.337873	277.763227	   1383.599667	   1383.599667	104945	   1383.607861	   1383.591480	0.0	      0.000000	22	45498131	
284	 -0.337873	182.442172	   1383.584667	   1383.584667	108877	   1383.592861	   1383.576481	0.0	      0.000000	22	45498131	
285	 -0.337873	877.518423	   1383.549667	   1383.549667	118052	   1383.557861	   1383.541481	0.0	      0.000000	22	45498131	
286	 -0.337873	438.849236	   1383.536667	   1383.536667	121460	   1383.544861	   1383.528481	0.0	      0.000000	22	45498131	
287	 -0.333623	348.293861	   1383.519665	   1383.519665	125917	   1383.527859	   1383.511478	0.0	      0.000000	22	45498131	
288	 -0.337873	154.964420	   1383.495667	   1383.495667	132208	   1383.503860	   1383.487480	0.0	      0.000000	22	45498131	
289	 -0.337873	416.566167	   1383.481667	   1383.481667	135878	   1383.489861	   1383.473480	0.0	      0.000000	22	45498131	
290	 -0.337873	616.862402	   1383.449665	   1383.449665	144267	   1383.457859	   1383.441479	0.0	      0.000000	22	45498131	
291	 -0.337873	260.295191	   1383.432667	   1383.432667	148723	   1383.440861	   1383.424480	0.0	      0.000000	22	45498131	
292	 -0.333623	302.155739	   1383.406662	   1383.406662	155540	   1383.414856	   1383.398476	0.0	      0.000000	22	45498131	
293	 -0.337873	188.502447	   1383.391666	   1383.391666	159471	   1383.399860	   1383.383480	0.0	      0.000000	22	45498131	
294	 -0.337873	393.245834	   1383.382668	   1383.382668	161830	   1383.390862	   1383.374481	0.0	      0.000000	22	45498131	
295	 -0.333623	194.131792	   1383.366665	   1383.366665	166025	   1383.374859	   1383.358479	0.0	      0.000000	22	45498131	
296	 -0.337873	197.280834	   1383.356667	   1383.356667	168646	   1383.364861	   1383.348480	0.0	      0.000000	22	45498131	
297	 -0.333623	279.108437	   1383.343662	   1383.343662	172055	   1383.351856	   1383.335476	0.0	      0.000000	22	45498131	
298	 -0.333623	234.175779	   1383.330662	   1383.330662	175463	   1383.338856	   1383.322475	0.0	      0.000000	22	45498131	
299	 -0.333623	378.818392	   1383.298664	   1383.298664	183851	   1383.306858	   1383.290478	0.0	      0.000000	22	45498131	
300	 -0.333623	277.221984	   1383.272663	   1383.272663	190667	   1383.280857	   1383.264477	0.0	      0.000000	22	45498131	
301	 -0.337873	134.753869	   1383.250668	   1383.250668	196433	   1383.258862	   1383.242481	0.0	      0.000000	22	45498131	
302	 -0.337873	 88.153051	   1383.230667	   1383.230667	201676	   1383.238861	   1383.222481	0.0	      0.000000	22	45498131	
303	 -0.337873	 69.424580	   1383.211666	   1383.211666	206657	   1383.219860	   1383.203480	0.0	      0.000000	22	45498131	
304	 -0.337873	 39.154894	   1383.191666	   1383.191666	211900	   1383.199860	   1383.183479	0.0	      0.000000	22	45498131	
305	 -0.333623	 51.155266	   1382.999664	   1382.999664	262232	   1383.007858	   1382.991478	0.0	      0.000000	22	45498131	
306	 -0.333623	 97.489678	   1382.979664	   1382.979664	267475	   1382.987858	   1382.971478	0.0	      0.000000	22	45498131	
307	 -0.337873	105.277930	   1382.960667	   1382.960667	272455	   1382.968861	   1382.952480	0.0	      0.000000	22	45498131	
308	 -0.337873	168.244236	   1382.940666	   1382.940666	277698	   1382.948860	   1382.932480	0.0	      0.000000	22	45498131	
309	 -0.333623	385.410722	   1382.918663	   1382.918663	283466	   1382.926857	   1382.910477	0.0	      0.000000	22	45498131	
310	 -0.333623	507.497559	   1382.892662	   1382.892662	290282	   1382.900856	   1382.884476	0.0	      0.000000	22	45498131	
311	 -0.337873	255.433478	   1382.882668	   1382.882668	292902	   1382.890862	   1382.874481	0.0	      0.000000	22	45498131	
312	 -0.333623	408.298724	   1382.860664	   1382.860664	298670	   1382.868858	   1382.852478	0.0	      0.000000	22	45498131	
313	 -0.337873	475.127569	   1382.847668	   1382.847668	302077	   1382.855862	   1382.839481	0.0	      0.000000	22	45498131	
314	 -0.337873	332.231460	   1382.834667	   1382.834667	305485	   1382.842861	   1382.826481	0.0	      0.000000	22	45498131	
315	 -0.333623	659.351433	   1382.808662	   1382.808662	312302	   1382.816856	   1382.800476	0.0	      0.000000	22	45498131	
316	 -0.337873	344.089721	   1382.799667	   1382.799667	314660	   1382.807861	   1382.791481	0.0	      0.000000	22	45498131	
317	 -0.333623	589.752277	   1382.784664	   1382.784664	318593	   1382.792858	   1382.776478	0.0	      0.000000	22	45498131	
318	 -0.333623	501.762042	   1382.758663	   1382.758663	325409	   1382.766857	   1382.750477	0.0	      0.000000	22	45498131	
319	 -0.337873	1430.096375	   1382.741669	   1382.741669	329864	   1382.749863	   1382.733482	0.0	      0.000000	22	45498131	
320	 -0.333623	903.251423	   1382.709663	   1382.709663	338254	   1382.717857	   1382.701477	0.0	      0.000000	22	45498131	
321	 -0.333623	328.308892	   1382.695663	   1382.695663	341924	   1382.703857	   1382.687477	0.0	      0.000000	22	45498131	
322	 -0.333623	827.547635	   1382.671665	   1382.671665	348215	   1382.679859	   1382.663479	0.0	      0.000000	22	45498131	
323	 -0.333623	993.664689	   1382.654663	   1382.654663	352672	   1382.662857	   1382.646477	0.0	      0.000000	22	45498131	
324	 -0.337873	1982.536174	   1382.641666	   1382.641666	356079	   1382.649860	   1382.633480	0.0	      0.000000	22	45498131	
325	 -0.333623	442.322967	   1382.606663	   1382.606663	365255	   1382.614857	   1382.598476	0.0	      0.000000	22	45498131	
326	 -0.337873	764.642990	   1382.591667	   1382.591667	369186	   1382.599861	   1382.583481	0.0	      0.000000	22	45498131	
327	 -0.337873	749.684930	   1382.576668	   1382.576668	373118	   1382.584862	   1382.568481	0.0	      0.000000	22	45498131	
328	 -0.333623	451.806986	   1382.561665	   1382.561665	377051	   1382.569859	   1382.553478	0.0	      0.000000	22	45498131	
329	 -0.337873	2190.416264	   1382.526669	   1382.526669	386225	   1382.534863	   1382.518482	0.0	      0.000000	22	45498131	
330	 -0.337873	1189.800679	   1382.513668	   1382.513668	389633	   1382.521862	   1382.505482	0.0	      0.000000	22	45498131	
331	 -0.333623	1112.145092	   1382.496662	   1382.496662	394091	   1382.504856	   1382.488476	0.0	      0.000000	22	45498131	
332	 -0.337873	454.040602	   1382.472668	   1382.472668	400381	   1382.480862	   1382.464481	0.0	      0.000000	22	45498131	
333	 -0.333623	1217.635990	   1382.458664	   1382.458664	404052	   1382.466858	   1382.450478	0.0	      0.000000	22	45498131	
334	 -0.337873	2312.097340	   1382.426666	   1382.426666	412440	   1382.434860	   1382.418480	0.0	      0.000000	22	45498131	
335	 -0.337873	757.062138	   1382.409668	   1382.409668	416896	   1382.417862	   1382.401482	0.0	      0.000000	22	45498131	
336	 -0.333623	1037.307786	   1382.383663	   1382.383663	423713	   1382.391857	   1382.375477	0.0	      0.000000	22	45498131	
337	 -0.333623	600.271411	   1382.368664	   1382.368664	427645	   1382.376858	   1382.360477	0.0	      0.000000	22	45498131	
338	 -0.333623	1093.234650	   1382.359665	   1382.359665	430004	   1382.367859	   1382.351479	0.0	      0.000000	22	45498131	
339	 -0.333623	636.321206	   1382.333664	   1382.333664	436820	   1382.341858	   1382.325478	0.0	      0.000000	22	45498131	
340	 -0.333623	963.186575	   1382.320663	   1382.320663	440228	   1382.328857	   1382.312477	0.0	      0.000000	22	45498131	
341	 -0.337873	882.265674	   1382.307667	   1382.307667	443635	   1382.315861	   1382.299480	0.0	      0.000000	22	45498131	
342	 -0.337873	563.514516	   1382.285667	   1382.285667	449402	   1382.293861	   1382.277481	0.0	      0.000000	22	45498131	
343	 -0.333623	1043.513047	   1382.275665	   1382.275665	452024	   1382.283859	   1382.267479	0.0	      0.000000	22	45498131	
344	 -0.333623	895.702489	   1382.249664	   1382.249664	458840	   1382.257858	   1382.241478	0.0	      0.000000	22	45498131	
345	 -0.337873	411.443074	   1382.228668	   1382.228668	464344	   1382.236862	   1382.220482	0.0	      0.000000	22	45498131	
346	 -0.337873	287.931302	   1382.207668	   1382.207668	469849	   1382.215862	   1382.199482	0.0	      0.000000	22	45498131	
347	 -0.333623	270.574939	   1382.188663	   1382.188663	474831	   1382.196857	   1382.180477	0.0	      0.000000	22	45498131	
348	 -0.337873	161.674110	   1382.168667	   1382.168667	480073	   1382.176861	   1382.160480	0.0	      0.000000	22	45498131	
349	 -0.333623	 70.698400	   1382.147663	   1382.147663	485579	   1382.155857	   1382.139477	0.0	      0.000000	22	45498131	
350	 -0.337873	 50.502555	   1382.121666	   1382.121666	492394	   1382.129860	   1382.113480	0.0	      0.000000	22	45498131	
351	 -0.333623	 71.828382	   1382.023663	   1382.023663	518085	   1382.031857	   1382.015476	0.0	      0.000000	22	45498131	
352	 -0.333623	 92.817461	   1382.000664	   1382.000664	524114	   1382.008858	   1381.992477	0.0	      0.000000	22	45498131	
353	 -0.333623	179.755588	   1381.973663	   1381.973663	531192	   1381.981857	   1381.965477	0.0	      0.000000	22	45498131	
354	 -0.337873	357.695584	   1381.956669	   1381.956669	535647	   1381.964863	   1381.948483	0.0	      0.000000	22	45498131	
355	 -0.333623	480.325802	   1381.937664	   1381.937664	540629	   1381.945858	   1381.929478	0.0	      0.000000	22	45498131	
356	 -0.337873	827.762225	   1381.917667	   1381.917667	545871	   1381.925861	   1381.909481	0.0	      0.000000	22	45498131	
357	 -0.333623	1744.671837	   1381.895664	   1381.895664	551639	   1381.903858	   1381.887478	0.0	      0.000000	22	45498131	
358	 -0.333623	2758.236164	   1381.869663	   1381.869663	558455	   1381.877857	   1381.861477	0.0	      0.000000	22	45498131	
359	 -0.333623	994.712320	   1381.847664	   1381.847664	564222	   1381.855858	   1381.839478	0.0	      0.000000	22	45498131	
360	 -0.333623	1604.367967	   1381.837666	   1381.837666	566843	   1381.845860	   1381.829479	0.0	      0.000000	22	45498131	
361	 -0.333623	2069.400619	   1381.824665	   1381.824665	570251	   1381.832859	   1381.816479	0.0	      0.000000	22	45498131	
362	 -0.333623	1797.392054	   1381.801662	   1381.801662	576281	   1381.809856	   1381.793476	0.0	      0.000000	22	45498131	
363	 -0.337873	3749.855008	   1381.785667	   1381.785667	580474	   1381.793861	   1381.777481	0.0	      0.000000	22	45498131	
364	 -0.337873	2679.822510	   1381.761669	   1381.761669	586765	   1381.769863	   1381.753483	0.0	      0.000000	22	45498131	
365	 -0.333623	2742.594329	   1381.735664	   1381.735664	593582	   1381.743858	   1381.727478	0.0	      0.000000	22	45498131	
366	 -0.333623	7024.935185	   1381.718662	   1381.718662	598039	   1381.726856	   1381.710476	0.0	      0.000000	22	45498131	
367	 -0.333623	5165.391805	   1381.686665	   1381.686665	606427	   1381.694859	   1381.678478	0.0	      0.000000	22	45498131	
368	 -0.333623	1947.511601	   1381.672665	   1381.672665	610097	   1381.680859	   1381.664478	0.0	      0.000000	22	45498131	
369	 -0.333623	5627.522051	   1381.648663	   1381.648663	616389	   1381.656857	   1381.640476	0.0	      0.000000	22	45498131	
370	 -0.337873	6642.102042	   1381.631668	   1381.631668	620844	   1381.639862	   1381.623482	0.0	      0.000000	22	45498131	
371	 -0.333623	14683.370767	   1381.618664	   1381.618664	624253	   1381.626858	   1381.610477	0.0	      0.000000	22	45498131	
372	 -0.333623	3469.800289	   1381.583664	   1381.583664	633428	   1381.591858	   1381.575478	0.0	      0.000000	22	45498131	
373	 -0.337873	5539.733773	   1381.568668	   1381.568668	637359	   1381.576862	   1381.560482	0.0	      0.000000	22	45498131	
374	 -0.333623	5214.843981	   1381.553665	   1381.553665	641292	   1381.561859	   1381.545479	0.0	      0.000000	22	45498131	
375	 -0.337873	3348.299398	   1381.534668	   1381.534668	646272	   1381.542862	   1381.526482	0.0	      0.000000	22	45498131	
376	 -0.337873	15240.795021	   1381.503670	   1381.503670	654398	   1381.511864	   1381.495483	0.0	      0.000000	22	45498131	
377	 -0.337873	12988.023368	   1381.473667	   1381.473667	662263	   1381.481861	   1381.465481	0.0	      0.000000	22	45498131	
378	 -0.333623	4272.874186	   1381.449665	   1381.449665	668555	   1381.457859	   1381.441479	0.0	      0.000000	22	45498131	
379	 -0.333623	12116.201516	   1381.435665	   1381.435665	672225	   1381.443859	   1381.427479	0.0	      0.000000	22	45498131	
380	 -0.333623	32923.808112	   1381.403664	   1381.403664	680614	   1381.411858	   1381.395477	0.0	      0.000000	22	45498131	
381	 -0.333623	8838.792601	   1381.386665	   1381.386665	685070	   1381.394859	   1381.378479	0.0	      0.000000	22	45498131	
382	 -0.337873	15894.492990	   1381.360668	   1381.360668	691885	   1381.368862	   1381.352482	0.0	      0.000000	22	45498131	
383	 -0.337873	14263.273580	   1381.336670	   1381.336670	698176	   1381.344864	   1381.328484	0.0	      0.000000	22	45498131	
384	 -0.337873	15400.390006	   1381.320667	   1381.320667	702371	   1381.328861	   1381.312481	0.0	      0.000000	22	45498131	
385	 -0.337873	11205.211357	   1381.310669	   1381.310669	704992	   1381.318863	   1381.302483	0.0	      0.000000	22	45498131	
386	 -0.333623	20069.073579	   1381.297665	   1381.297665	708401	   1381.305859	   1381.289478	0.0	      0.000000	22	45498131	
387	 -0.337873	21762.365772	   1381.284668	   1381.284668	711808	   1381.292862	   1381.276482	0.0	      0.000000	22	45498131	
388	 -0.337873	30315.658275	   1381.252666	   1381.252666	720197	   1381.260860	   1381.244480	0.0	      0.000000	22	45498131	
389	 -0.337873	28233.569743	   1381.226669	   1381.226669	727012	   1381.234863	   1381.218483	0.0	      0.000000	22	45498131	
390	 -0.337873	15837.140022	   1381.205669	   1381.205669	732517	   1381.213863	   1381.197483	0.0	      0.000000	22	45498131	
391	 -0.333623	14060.208577	   1381.184666	   1381.184666	738023	   1381.192860	   1381.176479	0.0	      0.000000	22	45498131	
392	 -0.337873	20972.334436	   1381.165668	   1381.165668	743003	   1381.173862	   1381.157482	0.0	      0.000000	22	45498131	
393	 -0.337873	18881.668155	   1381.145668	   1381.145668	748246	   1381.153862	   1381.137482	0.0	      0.000000	22	45498131	
394	 -0.337873	14091.761807	   1381.112667	   1381.112667	756897	   1381.120861	   1381.104481	0.0	      0.000000	22	45498131	
395	 -0.337873	25176.070435	   1381.098667	   1381.098667	760567	   1381.106861	   1381.090481	0.0	      0.000000	22	45498131	
396	 -0.337873	9778.731566	   1381.083668	   1381.083668	764499	   1381.091862	   1381.075481	0.0	      0.000000	22	45498131	
397	 -0.333623	26062.998909	   1381.070663	   1381.070663	767908	   1381.078857	   1381.062477	0.0	      0.000000	22	45498131	
398	 -0.337873	28772.317509	   1381.053669	   1381.053669	772363	   1381.061863	   1381.045483	0.0	      0.000000	22	45498131	
399	 -0.333623	26938.256398	   1381.028664	   1381.028664	778918	   1381.036858	   1381.020477	0.0	      0.000000	22	45498131	
400	 -0.337873	27385.521623	   1381.000668	   1381.000668	786257	   1381.008862	   1380.992481	0.0	      0.000000	22	45498131	
401	 -0.337873	15668.382803	   1380.986668	   1380.986668	789927	   1380.994862	   1380.978481	0.0	      0.000000	22	45498131	
402	 -0.337873	14815.916861	   1380.953667	   1380.953667	798578	   1380.961861	   1380.945480	0.0	      0.000000	22	45498131	
403	 -0.333623	17078.514790	   1380.941666	   1380.941666	801724	   1380.949860	   1380.933479	0.0	      0.000000	22	45498131	
404	 -0.333623	16567.385116	   1380.914665	   1380.914665	808802	   1380.922859	   1380.906479	0.0	      0.000000	22	45498131	
405	 -0.337873	22578.685334	   1380.894669	   1380.894669	814044	   1380.902863	   1380.886482	0.0	      0.000000	22	45498131	
406	 -0.337873	31274.747070	   1380.872669	   1380.872669	819811	   1380.880863	   1380.864483	0.0	      0.000000	22	45498131	
407	 -0.337873	42937.528994	   1380.846668	   1380.846668	826627	   1380.854862	   1380.838482	0.0	      0.000000	22	45498131	
408	 -0.337873	10669.119714	   1380.824669	   1380.824669	832394	   1380.832863	   1380.816483	0.0	      0.000000	22	45498131	
409	 -0.333623	17480.833566	   1380.814663	   1380.814663	835017	   1380.822857	   1380.806477	0.0	      0.000000	22	45498131	
410	 -0.410123	14180.751682	   1380.801754	   1380.801754	838401	   1380.809948	   1380.793568	0.0	      0.000000	22	45498131	
411	 -0.337873	16148.285164	   1380.778667	   1380.778667	844453	   1380.786861	   1380.770481	0.0	      0.000000	22	45498131	
412	 -0.337873	23232.236307	   1380.762669	   1380.762669	848647	   1380.770863	   1380.754482	0.0	      0.000000	22	45498131	
413	 -0.337873	11763.243032	   1380.738667	   1380.738667	854939	   1380.746861	   1380.730480	0.0	      0.000000	22	45498131	
414	 -0.337873	11637.508744	   1380.714668	   1380.714668	861230	   1380.722862	   1380.706482	0.0	      0.000000	22	45498131	
415	 -0.333623	32267.623956	   1380.695663	   1380.695663	866212	   1380.703857	   1380.687477	0.0	      0.000000	22	45498131	
416	 -0.333623	11864.192761	   1380.663666	   1380.663666	874600	   1380.671860	   1380.655479	0.0	      0.000000	22	45498131	
417	 -0.333623	4008.922792	   1380.649666	   1380.649666	878270	   1380.657860	   1380.641479	0.0	      0.000000	22	45498131	
418	 -0.337873	14279.926526	   1380.625668	   1380.625668	884561	   1380.633862	   1380.617481	0.0	      0.000000	22	45498131	
419	 -0.337873	10838.585394	   1380.608669	   1380.608669	889017	   1380.616863	   1380.600483	0.0	      0.000000	22	45498131	
420	 -0.333623	23822.326110	   1380.595665	   1380.595665	892426	   1380.603859	   1380.587479	0.0	      0.000000	22	45498131	
421	 -0.337873	4274.731809	   1380.560669	   1380.560669	901600	   1380.568863	   1380.552483	0.0	      0.000000	22	45498131	
422	 -0.333623	5405.983763	   1380.545666	   1380.545666	905533	   1380.553860	   1380.537479	0.0	      0.000000	22	45498131	
423	 -0.333623	4439.683606	   1380.531666	   1380.531666	909203	   1380.539860	   1380.523479	0.0	      0.000000	22	45498131	
424	 -0.333623	2997.902349	   1380.515663	   1380.515663	913398	   1380.523857	   1380.507477	0.0	      0.000000	22	45498131	
425	 -0.337873	6631.410611	   1380.492668	   1380.492668	919426	   1380.500862	   1380.484482	0.0	      0.000000	22	45498131	
426	 -0.337873	13282.485589	   1380.480667	   1380.480667	922572	   1380.488861	   1380.472481	0.0	      0.000000	22	45498131	
427	 -0.333623	8001.045317	   1380.450665	   1380.450665	930437	   1380.458858	   1380.442478	0.0	      0.000000	22	45498131	
428	 -0.191249	1579.782567	   1380.426498	   1380.426498	936772	   1380.434692	   1380.418312	0.0	      0.000000	22	45498131	
429	 -0.174249	4049.745607	   1380.412479	   1380.412479	940447	   1380.420673	   1380.404293	0.0	      0.000000	22	45498131	
430	 -0.337873	11046.218129	   1380.380669	   1380.380669	948786	   1380.388863	   1380.372482	0.0	      0.000000	22	45498131	
431	 -0.333623	2780.622752	   1380.361664	   1380.361664	953768	   1380.369858	   1380.353477	0.0	      0.000000	22	45498131	
432	 -0.333623	3236.863660	   1380.337666	   1380.337666	960059	   1380.345860	   1380.329479	0.0	      0.000000	22	45498131	
433	 -0.337873	3395.493982	   1380.313667	   1380.313667	966350	   1380.321861	   1380.305481	0.0	      0.000000	22	45498131	
434	 -0.337873	2540.823023	   1380.297668	   1380.297668	970544	   1380.305862	   1380.289482	0.0	      0.000000	22	45498131	
435	 -0.337873	2113.526312	   1380.274670	   1380.274670	976573	   1380.282864	   1380.266483	0.0	      0.000000	22	45498131	
436	 -0.337873	2179.016909	   1380.261669	   1380.261669	979981	   1380.269863	   1380.253483	0.0	      0.000000	22	45498131	
437	 -0.333623	2723.993023	   1380.229664	   1380.229664	988371	   1380.237858	   1380.221478	0.0	      0.000000	22	45498131	
438	 -0.435622	1181.815307	   1380.203785	   1380.203785	995155	   1380.211979	   1380.195599	0.0	      0.000000	22	45498131	
439	 -0.337873	696.547646	   1380.181667	   1380.181667	1000953	   1380.189861	   1380.173481	0.0	      0.000000	22	45498131	
440	 -0.337873	405.530250	   1380.165668	   1380.165668	1005147	   1380.173862	   1380.157482	0.0	      0.000000	22	45498131	
441	 -0.337873	351.938740	   1380.142670	   1380.142670	1011176	   1380.150864	   1380.134483	0.0	      0.000000	22	45498131	
442	 -0.333623	218.819484	   1380.122665	   1380.122665	1016420	   1380.130859	   1380.114479	0.0	      0.000000	22	45498131	
443	 -0.337873	 80.267113	   1380.075668	   1380.075668	1028740	   1380.083862	   1380.067482	0.0	      0.000000	22	45498131	
444	 -0.000000	121.231454	   1380.000000	   1380.000000	0	   1380.000000	   1379.991814	0.0	      0.000000	23	7384305	
445	 -0.254999	 86.280701	   1379.977573	   1379.977573	5879	   1379.985767	   1379.969387	0.0	      0.000000	23	7384305	
446	 -0.301748	 84.675399	   1379.963627	   1379.963627	9535	   1379.971821	   1379.955441	0.0	      0.000000	23	7384305	
447	 -0.337873	 84.125595	   1379.951668	   1379.951668	12670	   1379.959862	   1379.943481	0.0	      0.000000	23	7384305	
448	 -0.337873	196.707245	   1379.930668	   1379.930668	18175	   1379.938862	   1379.922482	0.0	      0.000000	23	7384305	
449	 -0.333623	270.621416	   1379.910664	   1379.910664	23419	   1379.918858	   1379.902477	0.0	      0.000000	23	7384305	
450	 -0.333623	299.365870	   1379.887665	   1379.887665	29448	   1379.895859	   1379.879478	0.0	      0.000000	23	7384305	
451	 -0.337873	496.224493	   1379.871670	   1379.871670	33641	   1379.879864	   1379.863483	0.0	      0.000000	23	7384305	
452	 -0.178499	795.353675	   1379.849487	   1379.849487	39456	   1379.857681	   1379.841301	0.0	      0.000000	23	7384305	
453	 -0.333623	1509.845593	   1379.823666	   1379.823666	46225	   1379.831860	   1379.815479	0.0	      0.000000	23	7384305	
454	 -0.333623	945.375683	   1379.791664	   1379.791664	54614	   1379.799858	   1379.783478	0.0	      0.000000	23	7384305	
455	 -0.333623	848.419905	   1379.778664	   1379.778664	58022	   1379.786858	   1379.770477	0.0	      0.000000	23	7384305	
456	 -0.337873	946.977667	   1379.755669	   1379.755669	64050	   1379.763863	   1379.747482	0.0	      0.000000	23	7384305	
457	 -0.333623	1245.875162	   1379.739666	   1379.739666	68245	   1379.747860	   1379.731480	0.0	      0.000000	23	7384305	
458	 -0.337873	958.619885	   1379.715668	   1379.715668	74536	   1379.723862	   1379.707481	0.0	      0.000000	23	7384305	
459	 -0.333623	793.224232	   1379.691666	   1379.691666	80828	   1379.699860	   1379.683479	0.0	      0.000000	23	7384305	
460	 -0.333623	2719.753580	   1379.672665	   1379.672665	85809	   1379.680859	   1379.664478	0.0	      0.000000	23	7384305	
461	 -0.424998	883.418426	   1379.640770	   1379.640770	94170	   1379.648964	   1379.632584	0.0	      0.000000	23	7384305	
462	 -0.469622	318.683457	   1379.626823	   1379.626823	97826	   1379.635017	   1379.618637	0.0	      0.000000	23	7384305	
463	 -0.337873	1415.359133	   1379.602669	   1379.602669	104158	   1379.610863	   1379.594482	0.0	      0.000000	23	7384305	
464	 -0.333623	2185.211094	   1379.572666	   1379.572666	112023	   1379.580860	   1379.564480	0.0	      0.000000	23	7384305	
465	 -0.337873	980.035412	   1379.560669	   1379.560669	115168	   1379.568863	   1379.552483	0.0	      0.000000	23	7384305	
466	 -0.337873	422.518410	   1379.537670	   1379.537670	121197	   1379.545864	   1379.529484	0.0	      0.000000	23	7384305	
467	 -0.435622	536.901376	   1379.522785	   1379.522785	125099	   1379.530979	   1379.514599	0.0	      0.000000	23	7384305	
468	 -0.337873	585.722471	   1379.507668	   1379.507668	129062	   1379.515862	   1379.499481	0.0	      0.000000	23	7384305	
469	 -0.333623	425.553597	   1379.492664	   1379.492664	132995	   1379.500858	   1379.484478	0.0	      0.000000	23	7384305	
470	 -0.337873	2005.772947	   1379.457668	   1379.457668	142169	   1379.465862	   1379.449482	0.0	      0.000000	23	7384305	
471	 -0.333623	841.943445	   1379.444664	   1379.444664	145578	   1379.452858	   1379.436478	0.0	      0.000000	23	7384305	
472	 -0.333623	1080.316773	   1379.427666	   1379.427666	150034	   1379.435860	   1379.419479	0.0	      0.000000	23	7384305	
473	 -0.337873	246.231625	   1379.403667	   1379.403667	156325	   1379.411861	   1379.395481	0.0	      0.000000	23	7384305	
474	 -0.337873	673.288807	   1379.389668	   1379.389668	159995	   1379.397861	   1379.381481	0.0	      0.000000	23	7384305	
475	 -0.333623	1672.257226	   1379.357666	   1379.357666	168384	   1379.365860	   1379.349480	0.0	      0.000000	23	7384305	
476	 -0.333623	508.298216	   1379.338665	   1379.338665	173365	   1379.346859	   1379.330479	0.0	      0.000000	23	7384305	
477	 -0.333623	485.510792	   1379.314667	   1379.314667	179656	   1379.322861	   1379.306480	0.0	      0.000000	23	7384305	
478	 -0.337873	728.682839	   1379.290668	   1379.290668	185947	   1379.298862	   1379.282482	0.0	      0.000000	23	7384305	
479	 -0.333623	466.364179	   1379.274666	   1379.274666	190142	   1379.282860	   1379.266479	0.0	      0.000000	23	7384305	
480	 -0.439872	367.301152	   1379.251789	   1379.251789	196139	   1379.259983	   1379.243603	0.0	      0.000000	23	7384305	
481	 -0.337873	391.352542	   1379.238670	   1379.238670	199578	   1379.246864	   1379.230484	0.0	      0.000000	23	7384305	
482	 -0.456872	194.651152	   1379.216808	   1379.216808	205309	   1379.225002	   1379.208622	0.0	      0.000000	23	7384305	
483	 -0.333623	663.806688	   1379.206665	   1379.206665	207968	   1379.214859	   1379.198479	0.0	      0.000000	23	7384305	
484	 -0.333623	355.438004	   1379.180664	   1379.180664	214784	   1379.188858	   1379.172478	0.0	      0.000000	23	7384305	
485	 -0.337873	200.486839	   1379.158669	   1379.158669	220550	   1379.166862	   1379.150482	0.0	      0.000000	23	7384305	
486	 -0.337873	105.812018	   1379.138668	   1379.138668	225793	   1379.146862	   1379.130482	0.0	      0.000000	23	7384305	
487	 -0.456872	 79.752602	   1379.119808	   1379.119808	230737	   1379.128002	   1379.111622	0.0	      0.000000	23	7384305	
488	 -0.176374	 51.561896	   1379.099483	   1379.099483	236065	   1379.107677	   1379.091297	0.0	      0.000000	23	7384305	
489	 -0.299623	 25.991079	   1379.075626	   1379.075626	242319	   1379.083820	   1379.067440	0.0	      0.000000	23	7384305	
490	 -0.254999	 26.832870	   1379.052574	   1379.052574	248362	   1379.060768	   1379.044388	0.0	      0.000000	23	7384305	
491	 -0.267748	 27.611868	   1378.928589	   1378.928589	280864	   1378.936783	   1378.920403	0.0	      0.000000	23	7384305	
492	 -0.333623	 60.915521	   1378.907665	   1378.907665	286349	   1378.915859	   1378.899479	0.0	      0.000000	23	7384305	
493	 -0.337873	 95.657590	   1378.887669	   1378.887669	291591	   1378.895863	   1378.879482	0.0	      0.000000	23	7384305	
494	 -0.337873	 91.582517	   1378.864670	   1378.864670	297620	   1378.872864	   1378.856483	0.0	      0.000000	23	7384305	
495	 -0.435622	126.641434	   1378.848785	   1378.848785	301784	   1378.856979	   1378.840599	0.0	      0.000000	23	7384305	
496	 -0.337873	282.926294	   1378.826668	   1378.826668	307582	   1378.834862	   1378.818481	0.0	      0.000000	23	7384305	
497	 -0.333623	423.352505	   1378.800667	   1378.800667	314398	   1378.808861	   1378.792480	0.0	      0.000000	23	7384305	
498	 -0.337873	208.987181	   1378.790668	   1378.790668	317019	   1378.798862	   1378.782482	0.0	      0.000000	23	7384305	
499	 -0.333623	370.965806	   1378.768665	   1378.768665	322787	   1378.776859	   1378.760479	0.0	      0.000000	23	7384305	
500	 -0.333623	370.702071	   1378.755665	   1378.755665	326195	   1378.763859	   1378.747478	0.0	      0.000000	23	7384305	
501	 -0.337873	225.040960	   1378.742668	   1378.742668	329602	   1378.750862	   1378.734482	0.0	      0.000000	23	7384305	
502	 -0.337873	343.594596	   1378.732670	   1378.732670	332223	   1378.740864	   1378.724483	0.0	      0.000000	23	7384305	
503	 -0.422873	377.903457	   1378.716770	   1378.716770	336391	   1378.724964	   1378.708584	0.0	      0.000000	23	7384305	
504	 -0.337873	221.952753	   1378.707668	   1378.707668	338777	   1378.715862	   1378.699482	0.0	      0.000000	23	7384305	
505	 -0.333623	434.350480	   1378.692665	   1378.692665	342710	   1378.700859	   1378.684479	0.0	      0.000000	23	7384305	
506	 -0.333623	279.429127	   1378.666664	   1378.666664	349526	   1378.674858	   1378.658478	0.0	      0.000000	23	7384305	
507	 -0.333623	1121.339944	   1378.649666	   1378.649666	353982	   1378.657860	   1378.641479	0.0	      0.000000	23	7384305	
508	 -0.337873	467.544571	   1378.617668	   1378.617668	362370	   1378.625862	   1378.609482	0.0	      0.000000	23	7384305	
509	 -0.333623	176.078325	   1378.603664	   1378.603664	366041	   1378.611858	   1378.595478	0.0	      0.000000	23	7384305	
510	 -0.337873	595.325964	   1378.579670	   1378.579670	372331	   1378.587864	   1378.571484	0.0	      0.000000	23	7384305	
511	 -0.427123	803.547871	   1378.549774	   1378.549774	380168	   1378.557968	   1378.541588	0.0	      0.000000	23	7384305	
512	 -0.337873	187.060363	   1378.518669	   1378.518669	388322	   1378.526863	   1378.510483	0.0	      0.000000	23	7384305	
513	 -0.337873	300.449447	   1378.498669	   1378.498669	393565	   1378.506863	   1378.490482	0.0	      0.000000	23	7384305	
514	 -0.333623	340.138229	   1378.484665	   1378.484665	397236	   1378.492859	   1378.476479	0.0	      0.000000	23	7384305	
515	 -0.337873	222.228247	   1378.469669	   1378.469669	401167	   1378.477863	   1378.461483	0.0	      0.000000	23	7384305	
516	 -0.337873	1016.872943	   1378.434669	   1378.434669	410342	   1378.442863	   1378.426483	0.0	      0.000000	23	7384305	
517	 -0.337873	473.344471	   1378.421669	   1378.421669	413750	   1378.429863	   1378.413483	0.0	      0.000000	23	7384305	
518	 -0.333623	440.655849	   1378.404667	   1378.404667	418207	   1378.412861	   1378.396481	0.0	      0.000000	23	7384305	
519	 -0.333623	150.975721	   1378.380665	   1378.380665	424499	   1378.388859	   1378.372478	0.0	      0.000000	23	7384305	
520	 -0.337873	409.071845	   1378.366669	   1378.366669	428168	   1378.374863	   1378.358482	0.0	      0.000000	23	7384305	
521	 -0.333623	645.374310	   1378.334667	   1378.334667	436557	   1378.342861	   1378.326481	0.0	      0.000000	23	7384305	
522	 -0.333623	239.424177	   1378.315666	   1378.315666	441538	   1378.323860	   1378.307480	0.0	      0.000000	23	7384305	
523	 -0.333623	241.029647	   1378.291664	   1378.291664	447830	   1378.299858	   1378.283478	0.0	      0.000000	23	7384305	
524	 -0.333623	366.986867	   1378.267666	   1378.267666	454121	   1378.275860	   1378.259480	0.0	      0.000000	23	7384305	
525	 -0.337873	190.306374	   1378.251671	   1378.251671	458314	   1378.259865	   1378.243484	0.0	      0.000000	23	7384305	
526	 -0.337873	205.165449	   1378.228668	   1378.228668	464344	   1378.236862	   1378.220482	0.0	      0.000000	23	7384305	
527	 -0.333623	160.805692	   1378.215664	   1378.215664	467753	   1378.223858	   1378.207478	0.0	      0.000000	23	7384305	
528	 -0.337873	101.520116	   1378.205669	   1378.205669	470373	   1378.213863	   1378.197483	0.0	      0.000000	23	7384305	
529	 -0.333623	301.001842	   1378.183666	   1378.183666	476141	   1378.191860	   1378.175480	0.0	      0.000000	23	7384305	
530	 -0.337873	194.717943	   1378.157669	   1378.157669	482956	   1378.165863	   1378.149483	0.0	      0.000000	23	7384305	
531	 -0.337873	 95.898342	   1378.135670	   1378.135670	488723	   1378.143864	   1378.127483	0.0	      0.000000	23	7384305	
532	 -0.333623	 56.043799	   1378.115665	   1378.115665	493967	   1378.123859	   1378.107479	0.0	      0.000000	23	7384305	
533	 -0.333623	 42.783938	   1378.096664	   1378.096664	498948	   1378.104858	   1378.088478	0.0	      0.000000	23	7384305	
534	 -0.299623	 26.770653	   1377.884628	   1377.884628	554532	   1377.892822	   1377.876442	0.0	      0.000000	23	7384305	
535	 -0.337873	 43.743443	   1377.864670	   1377.864670	559764	   1377.872864	   1377.856483	0.0	      0.000000	23	7384305	
536	 -0.333623	 46.251632	   1377.845665	   1377.845665	564746	   1377.853859	   1377.837479	0.0	      0.000000	23	7384305	
537	 -0.333623	 67.200978	   1377.824665	   1377.824665	570251	   1377.832859	   1377.816479	0.0	      0.000000	23	7384305	
538	 -0.333623	145.741029	   1377.803665	   1377.803665	575756	   1377.811859	   1377.795479	0.0	      0.000000	23	7384305	
539	 -0.333623	164.995828	   1377.777664	   1377.777664	582572	   1377.785858	   1377.769478	0.0	      0.000000	23	7384305	
540	 -0.337873	 97.820898	   1377.767670	   1377.767670	585192	   1377.775864	   1377.759483	0.0	      0.000000	23	7384305	
541	 -0.333623	157.624332	   1377.745667	   1377.745667	590960	   1377.753860	   1377.737480	0.0	      0.000000	23	7384305	
542	 -0.337873	167.558371	   1377.732670	   1377.732670	594367	   1377.740864	   1377.724483	0.0	      0.000000	23	7384305	
543	 -0.337873	113.012263	   1377.719669	   1377.719669	597775	   1377.727863	   1377.711483	0.0	      0.000000	23	7384305	
544	 -0.337873	187.976145	   1377.693668	   1377.693668	604591	   1377.701862	   1377.685482	0.0	      0.000000	23	7384305	
545	 -0.337873	107.571148	   1377.684669	   1377.684669	606950	   1377.692863	   1377.676483	0.0	      0.000000	23	7384305	
546	 -0.337873	195.781863	   1377.669670	   1377.669670	610882	   1377.677864	   1377.661484	0.0	      0.000000	23	7384305	
547	 -0.333623	143.158565	   1377.643665	   1377.643665	617699	   1377.651859	   1377.635479	0.0	      0.000000	23	7384305	
548	 -0.333623	465.411243	   1377.626667	   1377.626667	622155	   1377.634861	   1377.618481	0.0	      0.000000	23	7384305	
549	 -0.337873	237.132894	   1377.594669	   1377.594669	630543	   1377.602863	   1377.586483	0.0	      0.000000	23	7384305	
550	 -0.333623	 87.700178	   1377.580666	   1377.580666	634214	   1377.588860	   1377.572479	0.0	      0.000000	23	7384305	
551	 -0.333623	245.977258	   1377.556667	   1377.556667	640505	   1377.564861	   1377.548481	0.0	      0.000000	23	7384305	
552	 -0.333623	243.664019	   1377.544666	   1377.544666	643651	   1377.552860	   1377.536480	0.0	      0.000000	23	7384305	
553	 -0.337873	440.984293	   1377.526669	   1377.526669	648369	   1377.534863	   1377.518482	0.0	      0.000000	23	7384305	
554	 -0.337873	 94.042114	   1377.491669	   1377.491669	657544	   1377.499863	   1377.483482	0.0	      0.000000	23	7384305	
555	 -0.337873	158.606557	   1377.476669	   1377.476669	661476	   1377.484863	   1377.468483	0.0	      0.000000	23	7384305	
556	 -0.333623	174.639031	   1377.461666	   1377.461666	665409	   1377.469860	   1377.453480	0.0	      0.000000	23	7384305	
557	 -0.337873	101.247263	   1377.446671	   1377.446671	669340	   1377.454865	   1377.438484	0.0	      0.000000	23	7384305	
558	 -0.333623	477.981956	   1377.411667	   1377.411667	678516	   1377.419861	   1377.403481	0.0	      0.000000	23	7384305	
559	 -0.337873	234.493581	   1377.398670	   1377.398670	681923	   1377.406864	   1377.390484	0.0	      0.000000	23	7384305	
560	 -0.431372	185.715890	   1377.381779	   1377.381779	686351	   1377.389973	   1377.373592	0.0	      0.000000	23	7384305	
561	 -0.337873	 81.597799	   1377.357670	   1377.357670	692671	   1377.365864	   1377.349483	0.0	      0.000000	23	7384305	
562	 -0.333623	223.321849	   1377.343666	   1377.343666	696342	   1377.351860	   1377.335480	0.0	      0.000000	23	7384305	
563	 -0.333623	337.880212	   1377.311665	   1377.311665	704731	   1377.319859	   1377.303478	0.0	      0.000000	23	7384305	
564	 -0.333623	123.971567	   1377.294666	   1377.294666	709187	   1377.302860	   1377.286480	0.0	      0.000000	23	7384305	
565	 -0.333623	147.884839	   1377.268665	   1377.268665	716003	   1377.276859	   1377.260479	0.0	      0.000000	23	7384305	
566	 -0.333623	 89.830383	   1377.253666	   1377.253666	719935	   1377.261860	   1377.245480	0.0	      0.000000	23	7384305	
567	 -0.333623	182.648024	   1377.244667	   1377.244667	722294	   1377.252861	   1377.236481	0.0	      0.000000	23	7384305	
568	 -0.333623	 91.413591	   1377.218666	   1377.218666	729110	   1377.226860	   1377.210480	0.0	      0.000000	23	7384305	
569	 -0.333623	126.636425	   1377.205666	   1377.205666	732518	   1377.213860	   1377.197479	0.0	      0.000000	23	7384305	
570	 -0.337873	110.585923	   1377.192669	   1377.192669	735925	   1377.200863	   1377.184483	0.0	      0.000000	23	7384305	
571	 -0.333623	148.625196	   1377.160667	   1377.160667	744314	   1377.168861	   1377.152481	0.0	      0.000000	23	7384305	
572	 -0.337873	112.159752	   1377.134670	   1377.134670	751129	   1377.142864	   1377.126484	0.0	      0.000000	23	7384305	
573	 -0.339998	 51.050150	   1377.112675	   1377.112675	756895	   1377.120869	   1377.104488	0.0	      0.000000	23	7384305	
574	 -0.291123	 32.229186	   1377.092617	   1377.092617	762153	   1377.100811	   1377.084431	0.0	      0.000000	23	7384305	
575	 -0.337873	 27.703752	   1377.073669	   1377.073669	767120	   1377.081863	   1377.065483	0.0	      0.000000	23	7384305	
576	 -0.337873	 26.129517	   1376.841671	   1376.841671	827937	   1376.849865	   1376.833485	0.0	      0.000000	23	7384305	
577	 -0.333623	 32.399243	   1376.822666	   1376.822666	832919	   1376.830860	   1376.814480	0.0	      0.000000	23	7384305	
578	 -0.333623	 45.845269	   1376.801666	   1376.801666	838424	   1376.809860	   1376.793480	0.0	      0.000000	23	7384305	
579	 -0.337873	 98.627146	   1376.780670	   1376.780670	843928	   1376.788864	   1376.772484	0.0	      0.000000	23	7384305	
580	 -0.333623	129.311685	   1376.754665	   1376.754665	850745	   1376.762859	   1376.746479	0.0	      0.000000	23	7384305	
581	 -0.333623	 90.289460	   1376.722668	   1376.722668	859133	   1376.730862	   1376.714481	0.0	      0.000000	23	7384305	
582	 -0.333623	100.493060	   1376.709667	   1376.709667	862541	   1376.717861	   1376.701481	0.0	      0.000000	23	7384305	
583	 -0.337873	 72.851167	   1376.696671	   1376.696671	865948	   1376.704865	   1376.688484	0.0	      0.000000	23	7384305	
584	 -0.337873	141.930980	   1376.670670	   1376.670670	872764	   1376.678864	   1376.662483	0.0	      0.000000	23	7384305	
585	 -0.333623	116.224218	   1376.646667	   1376.646667	879056	   1376.654861	   1376.638481	0.0	      0.000000	23	7384305	
586	 -0.333623	 99.025529	   1376.620667	   1376.620667	885872	   1376.628860	   1376.612480	0.0	      0.000000	23	7384305	
587	 -0.331498	247.723165	   1376.603664	   1376.603664	890329	   1376.611858	   1376.595478	0.0	      0.000000	23	7384305	
588	 -0.337873	158.637881	   1376.571671	   1376.571671	898716	   1376.579865	   1376.563484	0.0	      0.000000	23	7384305	
589	 -0.337873	 62.056018	   1376.557671	   1376.557671	902386	   1376.565865	   1376.549484	0.0	      0.000000	23	7384305	
590	 -0.407998	130.460081	   1376.533752	   1376.533752	908656	   1376.541946	   1376.525566	0.0	      0.000000	23	7384305	
591	 -0.333623	169.860498	   1376.516666	   1376.516666	913135	   1376.524860	   1376.508480	0.0	      0.000000	23	7384305	
592	 -0.337873	333.814646	   1376.503670	   1376.503670	916542	   1376.511864	   1376.495483	0.0	      0.000000	23	7384305	
593	 -0.333623	 73.534592	   1376.468666	   1376.468666	925718	   1376.476860	   1376.460480	0.0	      0.000000	23	7384305	
594	 -0.333623	106.240737	   1376.453667	   1376.453667	929650	   1376.461861	   1376.445480	0.0	      0.000000	23	7384305	
595	 -0.333623	108.391176	   1376.438667	   1376.438667	933582	   1376.446861	   1376.430481	0.0	      0.000000	23	7384305	
596	 -0.337873	 59.892423	   1376.419670	   1376.419670	938562	   1376.427864	   1376.411484	0.0	      0.000000	23	7384305	
597	 -0.333623	265.094200	   1376.388668	   1376.388668	946689	   1376.396862	   1376.380482	0.0	      0.000000	23	7384305	
598	 -0.333623	144.639767	   1376.370667	   1376.370667	951408	   1376.378860	   1376.362480	0.0	      0.000000	23	7384305	
599	 -0.333623	148.881005	   1376.358665	   1376.358665	954554	   1376.366859	   1376.350479	0.0	      0.000000	23	7384305	
600	 -0.333623	 51.323589	   1376.334667	   1376.334667	960845	   1376.342861	   1376.326481	0.0	      0.000000	23	7384305	
601	 -0.333623	140.966763	   1376.320667	   1376.320667	964515	   1376.328861	   1376.312481	0.0	      0.000000	23	7384305	
602	 -0.337873	264.884333	   1376.288670	   1376.288670	972903	   1376.296864	   1376.280483	0.0	      0.000000	23	7384305	
603	 -0.333623	 75.631687	   1376.271667	   1376.271667	977360	   1376.279861	   1376.263481	0.0	      0.000000	23	7384305	
604	 -0.337873	106.724892	   1376.245670	   1376.245670	984175	   1376.253864	   1376.237484	0.0	      0.000000	23	7384305	
605	 -0.333623	 59.628233	   1376.230667	   1376.230667	988108	   1376.238861	   1376.222481	0.0	      0.000000	23	7384305	
606	 -0.333623	 99.145080	   1376.221668	   1376.221668	990467	   1376.229862	   1376.213482	0.0	      0.000000	23	7384305	
607	 -0.337873	 72.974946	   1376.205669	   1376.205669	994661	   1376.213863	   1376.197483	0.0	      0.000000	23	7384305	
608	 -0.333623	 55.392902	   1376.195667	   1376.195667	997283	   1376.203861	   1376.187481	0.0	      0.000000	23	7384305	
609	 -0.337873	 85.074065	   1376.182671	   1376.182671	1000690	   1376.190865	   1376.174484	0.0	      0.000000	23	7384305	
610	 -0.337873	 76.113431	   1376.169670	   1376.169670	1004098	   1376.177864	   1376.161484	0.0	      0.000000	23	7384305	
611	 -0.337873	 46.736776	   1376.147671	   1376.147671	1009865	   1376.155865	   1376.139484	0.0	      0.000000	23	7384305	
612	 -0.189124	 77.268196	   1376.137501	   1376.137501	1012531	   1376.145695	   1376.129314	0.0	      0.000000	23	7384305	
613	 -0.337873	 65.539462	   1376.111671	   1376.111671	1019302	   1376.119865	   1376.103485	0.0	      0.000000	23	7384305	
614	 -0.337873	 29.913228	   1376.090672	   1376.090672	1024807	   1376.098866	   1376.082485	0.0	      0.000000	23	7384305	
615	 -0.000000	 34.681613	   1376.025139	   1376.025139	1041986	   1376.033333	   1376.016953	0.0	      0.000000	23	7384305	
616	 -0.000000	4974.737493	   1376.000000	   1376.000000	0	   1376.000000	   1375.991814	0.0	      0.000000	24	1074248	
617	  1.908239	 98.458119	   1375.999413	   1375.999413	154	   1376.000000	   1375.991226	0.0	      0.000000	24	1074248	
618	 -0.337873	 49.203066	   1375.757671	   1375.757671	63525	   1375.765865	   1375.749485	0.0	      0.000000	24	1074248	
619	 -0.333623	 74.570815	   1375.731667	   1375.731667	70342	   1375.739861	   1375.723480	0.0	      0.000000	24	1074248	
620	 -0.673621	 35.171692	   1375.700062	   1375.700062	78627	   1375.708256	   1375.691875	0.0	      0.000000	24	1074248	
621	 -0.303873	 44.100922	   1375.686634	   1375.686634	82147	   1375.694828	   1375.678448	0.0	      0.000000	24	1074248	
622	 -0.337873	 41.871868	   1375.663670	   1375.663670	88167	   1375.671864	   1375.655483	0.0	      0.000000	24	1074248	
623	 -0.333623	 72.856168	   1375.647667	   1375.647667	92362	   1375.655861	   1375.639481	0.0	      0.000000	24	1074248	
624	 -0.331498	 46.365591	   1375.623665	   1375.623665	98654	   1375.631859	   1375.615479	0.0	      0.000000	24	1074248	
625	 -0.337873	 46.974424	   1375.599670	   1375.599670	104944	   1375.607864	   1375.591484	0.0	      0.000000	24	1074248	
626	 -0.333623	129.586734	   1375.580666	   1375.580666	109926	   1375.588860	   1375.572479	0.0	      0.000000	24	1074248	
627	 -0.337873	 74.837604	   1375.548672	   1375.548672	118313	   1375.556866	   1375.540485	0.0	      0.000000	24	1074248	
628	 -0.286873	 27.961914	   1375.534615	   1375.534615	121998	   1375.542809	   1375.526428	0.0	      0.000000	24	1074248	
629	 -0.333623	 80.762430	   1375.510666	   1375.510666	128276	   1375.518860	   1375.502480	0.0	      0.000000	24	1074248	
630	 -0.337873	 83.455455	   1375.493671	   1375.493671	132731	   1375.501865	   1375.485485	0.0	      0.000000	24	1074248	
631	 -0.337873	175.695179	   1375.480671	   1375.480671	136139	   1375.488865	   1375.472485	0.0	      0.000000	24	1074248	
632	 -0.344248	 34.911289	   1375.445679	   1375.445679	145312	   1375.453873	   1375.437492	0.0	      0.000000	24	1074248	
633	 -0.337873	 51.149205	   1375.430672	   1375.430672	149246	   1375.438866	   1375.422485	0.0	      0.000000	24	1074248	
634	 -0.337873	 48.497931	   1375.415672	   1375.415672	153178	   1375.423866	   1375.407486	0.0	      0.000000	24	1074248	
635	 -0.333623	 29.168704	   1375.396667	   1375.396667	158160	   1375.404861	   1375.388481	0.0	      0.000000	24	1074248	
636	 -0.337873	112.360712	   1375.365669	   1375.365669	166286	   1375.373863	   1375.357483	0.0	      0.000000	24	1074248	
637	 -0.337873	 87.814377	   1375.335670	   1375.335670	174150	   1375.343864	   1375.327484	0.0	      0.000000	24	1074248	
638	 -0.337873	 62.347398	   1375.297672	   1375.297672	184111	   1375.305866	   1375.289486	0.0	      0.000000	24	1074248	
639	 -0.337873	153.154357	   1375.265671	   1375.265671	192500	   1375.273865	   1375.257484	0.0	      0.000000	24	1074248	
640	 -0.337873	 35.992413	   1375.246670	   1375.246670	197481	   1375.254864	   1375.238483	0.0	      0.000000	24	1074248	
641	 -0.286873	 52.158794	   1375.222614	   1375.222614	203787	   1375.230808	   1375.214428	0.0	      0.000000	24	1074248	
642	  0.074375	 74.780931	   1375.208660	   1375.208660	207445	   1375.216854	   1375.200474	0.0	      0.000000	24	1074248	
643	 -0.333623	 48.564144	   1375.198666	   1375.198666	210065	   1375.206860	   1375.190479	0.0	      0.000000	24	1074248	
644	 -0.265623	 40.891188	   1375.182590	   1375.182590	214279	   1375.190784	   1375.174404	0.0	      0.000000	24	1074248	
645	 -0.337873	 25.682991	   1375.172672	   1375.172672	216879	   1375.180866	   1375.164486	0.0	      0.000000	24	1074248	
646	 -0.201874	 40.402951	   1375.159515	   1375.159515	220328	   1375.167709	   1375.151329	0.0	      0.000000	24	1074248	
647	 -0.002125	5714.292803	   1375.138741	   1375.138741	225774	   1375.146935	   1375.130554	0.0	      0.000000	24	1074248	
648	  0.012750	101.472091	   1375.118988	   1375.118988	230952	   1375.127182	   1375.110802	0.0	      0.000000	24	1074248	
649	  0.019125	 50.874955	   1375.110767	   1375.110767	233107	   1375.118961	   1375.102581	0.0	      0.000000	24	1074248	
650	  0.002125	599.687294	   1375.095367	   1375.095367	237144	   1375.103561	   1375.087181	0.0	      0.000000	24	1074248	
651	  0.002125	144.209785	   1375.083790	   1375.083790	240179	   1375.091984	   1375.075603	0.0	      0.000000	24	1074248	
652	 -0.017000	 89.979199	   1375.048111	   1375.048111	249532	   1375.056305	   1375.039925	0.0	      0.000000	24	1074248	
653	  0.036125	 38.945575	   1375.037437	   1375.037437	252330	   1375.045631	   1375.029251	0.0	      0.000000	24	1074248	
654	 -0.000000	 37.071288	   1375.017536	   1375.017536	257547	   1375.025730	   1375.009350	0.0	      0.000000	24	1074248	
655	 -0.818120	890.853374	   1374.991920	   1374.991920	264262	   1375.000114	   1374.983734	0.0	      0.000000	24	1074248	
656	  0.004250	196.500404	   1374.949455	   1374.949455	275394	   1374.957649	   1374.941269	0.0	      0.000000	24	1074248	
657	 -0.101999	 26.381250	   1374.926445	   1374.926445	281426	   1374.934639	   1374.918259	0.0	      0.000000	24	1074248	
658	 -0.178499	 29.102433	   1374.734489	   1374.734489	331746	   1374.742683	   1374.726303	0.0	      0.000000	24	1074248	
659	 -0.339998	 46.048710	   1374.708675	   1374.708675	338513	   1374.716869	   1374.700489	0.0	      0.000000	24	1074248	
660	 -0.210374	 26.522510	   1374.676525	   1374.676525	346941	   1374.684719	   1374.668339	0.0	      0.000000	24	1074248	
661	 -0.203999	 30.200612	   1374.640518	   1374.640518	356380	   1374.648712	   1374.632332	0.0	      0.000000	24	1074248	
662	 -0.337873	 46.345006	   1374.624672	   1374.624672	360534	   1374.632866	   1374.616486	0.0	      0.000000	24	1074248	
663	 -0.148749	 29.179339	   1374.600452	   1374.600452	366883	   1374.608646	   1374.592266	0.0	      0.000000	24	1074248	
664	 -0.337873	 29.442814	   1374.576672	   1374.576672	373117	   1374.584866	   1374.568485	0.0	      0.000000	24	1074248	
665	 -0.337873	 90.582610	   1374.557671	   1374.557671	378098	   1374.565865	   1374.549484	0.0	      0.000000	24	1074248	
666	 -0.344248	 37.895272	   1374.525681	   1374.525681	386484	   1374.533875	   1374.517494	0.0	      0.000000	24	1074248	
667	 -0.333623	 52.596320	   1374.487667	   1374.487667	396449	   1374.495861	   1374.479481	0.0	      0.000000	24	1074248	
668	 -0.337873	 45.116110	   1374.470673	   1374.470673	400904	   1374.478867	   1374.462486	0.0	      0.000000	24	1074248	
669	 -0.337873	 97.802808	   1374.457672	   1374.457672	404312	   1374.465866	   1374.449486	0.0	      0.000000	24	1074248	
670	 -0.195499	 25.893687	   1374.407509	   1374.407509	417462	   1374.415703	   1374.399323	0.0	      0.000000	24	1074248	
671	 -0.331498	 36.614777	   1374.354664	   1374.354664	431315	   1374.362858	   1374.346478	0.0	      0.000000	24	1074248	
672	 -0.337873	 77.565471	   1374.342670	   1374.342670	434459	   1374.350864	   1374.334484	0.0	      0.000000	24	1074248	
673	 -0.337873	 52.897562	   1374.312672	   1374.312672	442323	   1374.320866	   1374.304485	0.0	      0.000000	24	1074248	
674	 -0.199749	 29.936472	   1374.274513	   1374.274513	452326	   1374.282707	   1374.266327	0.0	      0.000000	24	1074248	
675	 -0.261373	 85.735241	   1374.242584	   1374.242584	460696	   1374.250778	   1374.234398	0.0	      0.000000	24	1074248	
676	 -0.278373	 27.959559	   1374.199604	   1374.199604	471963	   1374.207798	   1374.191418	0.0	      0.000000	24	1074248	
677	 -0.337873	 31.862015	   1374.175671	   1374.175671	478237	   1374.183865	   1374.167484	0.0	      0.000000	24	1074248	
678	 -0.229499	 30.252292	   1374.091549	   1374.091549	500289	   1374.099743	   1374.083363	0.0	      0.000000	24	1074248	
679	 -0.333623	 31.806728	   1373.685669	   1373.685669	606688	   1373.693863	   1373.677483	0.0	      0.000000	24	1074248	
680	 -0.335748	 25.354106	   1373.617668	   1373.617668	624514	   1373.625862	   1373.609482	0.0	      0.000000	24	1074248	
681	 -0.331498	 30.380714	   1373.601665	   1373.601665	628709	   1373.609859	   1373.593479	0.0	      0.000000	24	1074248	
682	 -0.333623	 28.189193	   1373.577667	   1373.577667	635000	   1373.585861	   1373.569481	0.0	      0.000000	24	1074248	
683	 -0.333623	 83.682972	   1373.534668	   1373.534668	646272	   1373.542862	   1373.526482	0.0	      0.000000	24	1074248	
684	 -0.597122	 28.506072	   1373.502972	   1373.502972	654581	   1373.511166	   1373.494785	0.0	      0.000000	24	1074248	
685	 -0.337873	 47.690508	   1373.464672	   1373.464672	664621	   1373.472866	   1373.456486	0.0	      0.000000	24	1074248	
686	 -0.333623	 76.080435	   1373.434669	   1373.434669	672486	   1373.442863	   1373.426483	0.0	      0.000000	24	1074248	
687	 -0.337873	 38.378393	   1373.422672	   1373.422672	675631	   1373.430866	   1373.414486	0.0	      0.000000	24	1074248	
688	 -0.337873	 27.478575	   1373.369671	   1373.369671	689525	   1373.377865	   1373.361485	0.0	      0.000000	24	1074248	
689	 -0.337873	 92.665938	   1373.319672	   1373.319672	702632	   1373.327866	   1373.311485	0.0	      0.000000	24	1074248	
690	 -0.333623	 38.897659	   1373.306667	   1373.306667	706041	   1373.314861	   1373.298481	0.0	      0.000000	24	1074248	
691	 -0.337873	 48.897652	   1373.289673	   1373.289673	710496	   1373.297867	   1373.281487	0.0	      0.000000	24	1074248	
692	 -0.337873	 36.700549	   1373.251671	   1373.251671	720458	   1373.259865	   1373.243484	0.0	      0.000000	24	1074248	
693	 -0.333623	 81.443869	   1373.219669	   1373.219669	728847	   1373.227863	   1373.211483	0.0	      0.000000	24	1074248	
694	 -0.333623	 28.151483	   1373.200668	   1373.200668	733828	   1373.208862	   1373.192482	0.0	      0.000000	24	1074248	
695	 -0.333623	 39.952033	   1373.152668	   1373.152668	746411	   1373.160862	   1373.144482	0.0	      0.000000	24	1074248	
696	 -0.333623	 37.540578	   1373.068668	   1373.068668	768431	   1373.076862	   1373.060482	0.0	      0.000000	24	1074248	
697	 -0.331498	 28.998977	   1372.662666	   1372.662666	874862	   1372.670860	   1372.654480	0.0	      0.000000	24	1074248	
698	 -0.291123	 26.022456	   1372.630619	   1372.630619	883263	   1372.638813	   1372.622433	0.0	      0.000000	24	1074248	
699	 -0.337873	 26.815763	   1372.617672	   1372.617672	886657	   1372.625866	   1372.609486	0.0	      0.000000	24	1074248	
700	 -0.331498	 26.057233	   1372.578667	   1372.578667	896882	   1372.586861	   1372.570480	0.0	      0.000000	24	1074248	
701	 -0.337873	 33.136089	   1372.554672	   1372.554672	903172	   1372.562866	   1372.546486	0.0	      0.000000	24	1074248	
702	 -0.333623	 80.308237	   1372.511669	   1372.511669	914445	   1372.519863	   1372.503483	0.0	      0.000000	24	1074248	
703	 -0.333623	 36.123818	   1372.479668	   1372.479668	922834	   1372.487862	   1372.471481	0.0	      0.000000	24	1074248	
704	 -0.335748	 45.464214	   1372.441669	   1372.441669	932795	   1372.449863	   1372.433483	0.0	      0.000000	24	1074248	
705	 -0.337873	 62.054381	   1372.411671	   1372.411671	940659	   1372.419865	   1372.403484	0.0	      0.000000	24	1074248	
706	 -0.297498	 26.224998	   1372.360626	   1372.360626	954040	   1372.368820	   1372.352440	0.0	      0.000000	24	1074248	
707	 -0.333623	 33.026824	   1372.346668	   1372.346668	957699	   1372.354862	   1372.338482	0.0	      0.000000	24	1074248	
708	 -0.337873	 87.158348	   1372.296673	   1372.296673	970805	   1372.304867	   1372.288486	0.0	      0.000000	24	1074248	
709	 -0.337873	 41.253211	   1372.283672	   1372.283672	974213	   1372.291866	   1372.275486	0.0	      0.000000	24	1074248	
710	 -0.244374	 38.772779	   1372.266567	   1372.266567	978697	   1372.274761	   1372.258381	0.0	      0.000000	24	1074248	
711	 -0.337873	 41.416171	   1372.228672	   1372.228672	988631	   1372.236866	   1372.220486	0.0	      0.000000	24	1074248	
712	 -0.335748	 61.598926	   1372.196671	   1372.196671	997020	   1372.204865	   1372.188484	0.0	      0.000000	24	1074248	
713	 -0.301748	 25.399298	   1372.177631	   1372.177631	1002011	   1372.185825	   1372.169445	0.0	      0.000000	24	1074248	
714	 -0.359123	 36.861299	   1372.129700	   1372.129700	1014576	   1372.137894	   1372.121513	0.0	      0.000000	24	1074248	
715	 -0.337873	 30.705435	   1372.045673	   1372.045673	1036603	   1372.053867	   1372.037487	0.0	      0.000000	24	1074248	
716	 -1.954989	 97.303313	   1372.000603	   1372.000603	1048418	   1372.008797	   1372.000004	0.0	      0.000000	24	1074248	
717	 -0.344248	 31.198648	   1371.639679	   1371.639679	94456	   1371.647873	   1371.631493	0.0	      0.000000	25	38641	
718	 -0.335748	 26.535344	   1371.607670	   1371.607670	102847	   1371.615864	   1371.599483	0.0	      0.000000	25	38641	
719	 -0.178499	 29.771143	   1371.594490	   1371.594490	106302	   1371.602684	   1371.586304	0.0	      0.000000	25	38641	
720	 -0.333623	 35.294558	   1371.555668	   1371.555668	116479	   1371.563862	   1371.547482	0.0	      0.000000	25	38641	
721	 -0.339998	 36.811666	   1371.531677	   1371.531677	122768	   1371.539871	   1371.523491	0.0	      0.000000	25	38641	
722	 -0.295373	 27.037442	   1371.505623	   1371.505623	129598	   1371.513817	   1371.497437	0.0	      0.000000	25	38641	
723	 -0.301748	 80.390812	   1371.488632	   1371.488632	134052	   1371.496826	   1371.480446	0.0	      0.000000	25	38641	
724	 -0.337873	 45.348660	   1371.456673	   1371.456673	142430	   1371.464867	   1371.448486	0.0	      0.000000	25	38641	
725	 -0.140249	 46.972084	   1371.418446	   1371.418446	152451	   1371.426640	   1371.410259	0.0	      0.000000	25	38641	
726	 -0.333623	 48.325207	   1371.401669	   1371.401669	156849	   1371.409863	   1371.393482	0.0	      0.000000	25	38641	
727	 -0.337873	 82.295213	   1371.388672	   1371.388672	160256	   1371.396866	   1371.380486	0.0	      0.000000	25	38641	
728	 -0.337873	 30.951201	   1371.337673	   1371.337673	173625	   1371.345867	   1371.329487	0.0	      0.000000	25	38641	
729	 -0.276248	 34.844235	   1371.323601	   1371.323601	177314	   1371.331795	   1371.315414	0.0	      0.000000	25	38641	
730	 -0.337873	 90.168821	   1371.273674	   1371.273674	190402	   1371.281868	   1371.265488	0.0	      0.000000	25	38641	
731	 -0.333623	 46.383333	   1371.260670	   1371.260670	193811	   1371.268864	   1371.252483	0.0	      0.000000	25	38641	
732	 -0.310248	 38.121639	   1371.246639	   1371.246639	197489	   1371.254833	   1371.238453	0.0	      0.000000	25	38641	
733	 -0.269873	 44.723107	   1371.205597	   1371.205597	208248	   1371.213791	   1371.197411	0.0	      0.000000	25	38641	
734	 -0.333623	 69.610342	   1371.173668	   1371.173668	216618	   1371.181862	   1371.165482	0.0	      0.000000	25	38641	
735	 -0.337873	 27.291167	   1371.156673	   1371.156673	221073	   1371.164867	   1371.148487	0.0	      0.000000	25	38641	
736	 -0.337873	 31.520638	   1371.130672	   1371.130672	227889	   1371.138866	   1371.122486	0.0	      0.000000	25	38641	
737	 -0.216749	 39.210606	   1371.106537	   1371.106537	234216	   1371.114731	   1371.098351	0.0	      0.000000	25	38641	
738	 -0.388873	 26.952896	   1371.067734	   1371.067734	244388	   1371.075928	   1371.059547	0.0	      0.000000	25	38641	
739	 -0.250749	 33.281030	   1371.022575	   1371.022575	256226	   1371.030769	   1371.014389	0.0	      0.000000	25	38641	
740	 -0.000000	191.837694	   1371.000000	   1371.000000	262144	   1371.008194	   1370.991814	0.0	      0.000000	25	38641	
741	 -0.216749	 29.370452	   1370.616535	   1370.616535	362667	   1370.624729	   1370.608349	0.0	      0.000000	25	38641	
742	 -0.337873	 30.926228	   1370.532673	   1370.532673	384651	   1370.540867	   1370.524487	0.0	      0.000000	25	38641	
743	 -0.176374	 51.516979	   1370.465488	   1370.465488	402263	   1370.473682	   1370.457302	0.0	      0.000000	25	38641	
744	 -0.259248	 33.910733	   1370.433582	   1370.433582	410627	   1370.441776	   1370.425396	0.0	      0.000000	25	38641	
745	 -0.333623	 28.530484	   1370.395668	   1370.395668	420566	   1370.403862	   1370.387482	0.0	      0.000000	25	38641	
746	 -0.333623	 39.959305	   1370.378670	   1370.378670	425022	   1370.386864	   1370.370483	0.0	      0.000000	25	38641	
747	 -0.337873	 73.213588	   1370.365673	   1370.365673	428429	   1370.373867	   1370.357487	0.0	      0.000000	25	38641	
748	 -0.303873	 25.398087	   1370.300636	   1370.300636	445478	   1370.308830	   1370.292450	0.0	      0.000000	25	38641	
749	 -0.331498	 56.954664	   1370.250668	   1370.250668	458577	   1370.258862	   1370.242481	0.0	      0.000000	25	38641	
750	 -0.246499	 31.050207	   1370.232571	   1370.232571	463321	   1370.240765	   1370.224384	0.0	      0.000000	25	38641	
751	 -0.252874	 33.290185	   1370.220577	   1370.220577	466465	   1370.228771	   1370.212391	0.0	      0.000000	25	38641	
752	 -0.085000	 31.069390	   1370.191418	   1370.191418	474109	   1370.199612	   1370.183231	0.0	      0.000000	25	38641	
753	 -0.244374	 33.142477	   1370.182568	   1370.182568	476429	   1370.190762	   1370.174381	0.0	      0.000000	25	38641	
754	 -0.337873	 61.273231	   1370.150673	   1370.150673	484790	   1370.158867	   1370.142487	0.0	      0.000000	25	38641	
755	 -0.278373	 25.292889	   1370.107605	   1370.107605	496080	   1370.115799	   1370.099419	0.0	      0.000000	25	38641	
756	 -0.000000	139.421065	   1370.000000	   1370.000000	524288	   1370.008194	   1369.991814	0.0	      0.000000	25	38641	
757	 -0.333623	 34.904190	   1369.442669	   1369.442669	670389	   1369.450863	   1369.434483	0.0	      0.000000	25	38641	
758	 -0.214624	 46.776879	   1369.342537	   1369.342537	696638	   1369.350731	   1369.334351	0.0	      0.000000	25	38641	
759	 -0.497247	 32.303270	   1369.227859	   1369.227859	726700	   1369.236053	   1369.219673	0.0	      0.000000	25	38641	
760	 -0.278373	 38.546356	   1369.127605	   1369.127605	752981	   1369.135799	   1369.119419	0.0	      0.000000	25	38641	
761	 -0.335748	 30.947551	   1368.419670	   1368.419670	938562	   1368.427864	   1368.411484	0.0	      0.000000	25	38641	
762	 -0.295373	 34.599274	   1368.319626	   1368.319626	964788	   1368.327820	   1368.311440	0.0	      0.000000	25	38641	
763	 -0.331498	 34.605466	   1368.204666	   1368.204666	994924	   1368.212860	   1368.196480	0.0	      0.000000	25	38641	
764	 -0.288998	 25.010899	   1368.174618	   1368.174618	1002801	   1368.182812	   1368.166431	0.0	      0.000000	25	38641	
765	 -0.214624	 38.755948	   1368.104538	   1368.104538	1021172	   1368.112732	   1368.096352	0.0	      0.000000	25	38641	
766	 -0.297498	 38.790934	   1367.396629	   1367.396629	158170	   1367.404823	   1367.388443	0.0	      0.000000	26	7206	
767	 -0.195499	 36.235986	   1367.296513	   1367.296513	184415	   1367.304707	   1367.288326	0.0	      0.000000	26	7206	
768	 -0.337873	 41.924767	   1367.181675	   1367.181675	214519	   1367.189869	   1367.173489	0.0	      0.000000	26	7206	
769	 -0.335748	 35.388610	   1367.081673	   1367.081673	240734	   1367.089867	   1367.073486	0.0	      0.000000	26	7206	
770	 -0.295373	 34.386621	   1366.373627	   1366.373627	426344	   1366.381821	   1366.365440	0.0	      0.000000	26	7206	
771	 -0.337873	 26.762311	   1366.273674	   1366.273674	452546	   1366.281868	   1366.265488	0.0	      0.000000	26	7206	
772	 -0.269873	 36.734333	   1366.158600	   1366.158600	482712	   1366.166794	   1366.150414	0.0	      0.000000	26	7206	
773	  0.055250	449.381456	   1366.125748	   1366.125748	491324	   1366.133942	   1366.117561	0.0	      0.000000	26	7206	
774	 -1.257993	 66.090742	   1365.521236	   1365.521236	649793	   1365.529430	   1365.513050	0.0	      0.000000	26	7206	
775	  0.019125	 34.658261	   1365.316326	   1365.316326	703509	   1365.324520	   1365.308140	0.0	      0.000000	26	7206	
776	  0.038250	 35.580424	   1365.299881	   1365.299881	707820	   1365.308075	   1365.291695	0.0	      0.000000	26	7206	
777	 -0.335748	 26.672154	   1365.135674	   1365.135674	750866	   1365.143867	   1365.127487	0.0	      0.000000	26	7206	
778	  0.048875	168.547628	   1364.287003	   1364.287003	973340	   1364.295197	   1364.278816	0.0	      0.000000	26	7206	
779	  0.002125	 51.018475	   1360.000004	   1360.000004	1048575	   1360.008198	   1360.000004	0.0	      0.000000	27	1	
780	 -0.000000	607.703705	   1360.000000	   1360.000000	0	   1360.000000	   1359.991814	0.0	      0.000000	28	887	
781	 -0.000000	123.106601	   1359.999996	   1359.999996	1	   1360.000000	   1359.991810	0.0	      0.000000	28	887	
782	 -0.002125	138.468741	   1359.982574	   1359.982574	4568	   1359.990768	   1359.974388	0.0	      0.000000	28	887	
783	 -0.000000	 29.552645	   1358.639999	   1358.639999	356516	   1358.648193	   1358.631813	0.0	      0.000000	28	887	
784	 -0.017000	244.652699	   1356.585228	   1356.585228	895162	   1356.593422	   1356.577042	0.0	      0.000000	28	887	
785	  0.002125	 84.723070	   1356.572910	   1356.572910	898391	   1356.581104	   1356.564724	0.0	      0.000000	28	887	
786	  0.036125	254.990469	   1350.009022	   1350.009022	521923	   1350.017216	   1350.000835	0.0	      0.000000	30	864	
787	 -0.000000	 42.983563	   1350.000000	   1350.000000	524288	   1350.008194	   1349.991814	0.0	      0.000000	30	864	
788	 -0.000000	 66.849497	   1344.024555	   1344.024555	1042139	   1344.032749	   1344.016369	0.0	      0.000000	31	1092	
