# -------------------------- o --------------------------
# File ID: blc06_ProxCen_S_2019-04-29T13:47:46.000.h5 
# -------------------------- o --------------------------
# Source:ProxCen_S
# MJD: 58602.574837962966	RA: 14h29m42.949s	DEC: -61d59m53.84s
# DELTAT:  16.777216	DELTAF(Hz):  -3.814697
# --------------------------
# Top_Hit_# 	Drift_Rate 	SNR 	Uncorrected_Frequency 	Corrected_Frequency 	Index 	freq_start 	freq_end 	SEFD 	SEFD_freq 	Coarse_Channel_Number 	Full_number_of_hits 	
# --------------------------
001	 -0.000000	201.259074	   1472.000000	   1472.000000	0	   1472.000000	   1471.995911	0.0	      0.000000	0	16	
002	 -0.000000	 30.425871	   1467.000000	   1467.000000	262144	   1467.004097	   1466.995911	0.0	      0.000000	1	7	
003	 -0.000000	 41.953953	   1466.498787	   1466.498787	393534	   1466.502884	   1466.494698	0.0	      0.000000	1	7	
004	 -0.000000	 42.908492	   1460.000000	   1460.000000	0	   1460.000000	   1459.995911	0.0	      0.000000	3	1	
005	 -0.000000	 65.331206	   1456.000000	   1456.000000	0	   1456.000000	   1455.995911	0.0	      0.000000	4	73	
006	  0.038250	 25.512000	   1455.320015	   1455.320015	178254	   1455.324112	   1455.315926	0.0	      0.000000	4	73	
007	  0.023375	 27.180532	   1455.289558	   1455.289558	186238	   1455.293655	   1455.285469	0.0	      0.000000	4	73	
008	 -0.138124	 35.177875	   1454.866783	   1454.866783	297066	   1454.870880	   1454.862694	0.0	      0.000000	4	73	
009	 -0.000000	 64.017900	   1450.000000	   1450.000000	524288	   1450.004097	   1449.995911	0.0	      0.000000	5	40	
010	  0.065875	 71.114298	   1449.970181	   1449.970181	532105	   1449.974277	   1449.966091	0.0	      0.000000	5	40	
011	  0.184874	164.806288	   1445.055080	   1445.055080	771993	   1445.059177	   1445.050991	0.0	      0.000000	6	6036	
012	 -0.000000	310.686746	   1445.000000	   1445.000000	786432	   1445.004097	   1444.995911	0.0	      0.000000	6	6036	
013	 -0.000000	 25.535163	   1442.000000	   1442.000000	524288	   1442.004097	   1441.995911	0.0	      0.000000	7	2039	
014	  0.038250	303.376398	   1440.118034	   1440.118034	1017634	   1440.122131	   1440.113945	0.0	      0.000000	7	2039	
015	  0.093499	419.521292	   1440.045231	   1440.045231	1036719	   1440.049328	   1440.041142	0.0	      0.000000	7	2039	
016	  0.048875	103.665226	   1440.040581	   1440.040581	1037938	   1440.044678	   1440.036491	0.0	      0.000000	7	2039	
017	 -0.127499	 38.872348	   1440.026405	   1440.026405	1041654	   1440.030502	   1440.022316	0.0	      0.000000	7	2039	
018	 -0.000000	2913.880002	   1440.000000	   1440.000000	0	   1440.000000	   1439.995911	0.0	      0.000000	8	446594	
019	  0.667246	 38.728445	   1439.999149	   1439.999149	223	   1440.000000	   1439.995060	0.0	      0.000000	8	446594	
020	  0.042500	 40.857272	   1439.994686	   1439.994686	1393	   1439.998783	   1439.990597	0.0	      0.000000	8	446594	
021	  0.010625	 78.231981	   1439.981548	   1439.981548	4837	   1439.985645	   1439.977459	0.0	      0.000000	8	446594	
022	  0.027625	 33.207887	   1439.954052	   1439.954052	12045	   1439.958149	   1439.949963	0.0	      0.000000	8	446594	
023	  0.006375	 92.635467	   1438.376266	   1438.376266	425652	   1438.380363	   1438.372177	0.0	      0.000000	8	446594	
024	  0.021250	 52.131520	   1437.655453	   1437.655453	614609	   1437.659550	   1437.651363	0.0	      0.000000	8	446594	
025	  0.017000	2776.616111	   1437.645088	   1437.645088	617326	   1437.649185	   1437.640999	0.0	      0.000000	8	446594	
026	  0.008500	436.920752	   1437.639805	   1437.639805	618711	   1437.643902	   1437.635715	0.0	      0.000000	8	446594	
027	  0.012750	 45.189028	   1437.634724	   1437.634724	620043	   1437.638821	   1437.630634	0.0	      0.000000	8	446594	
028	  0.002125	634.517513	   1437.622612	   1437.622612	623218	   1437.626709	   1437.618523	0.0	      0.000000	8	446594	
029	  0.017000	246.020493	   1437.615845	   1437.615845	624992	   1437.619942	   1437.611755	0.0	      0.000000	8	446594	
030	  0.091374	135.127644	   1437.608608	   1437.608608	626889	   1437.612705	   1437.604519	0.0	      0.000000	8	446594	
031	  0.006375	2898.367352	   1437.599724	   1437.599724	629218	   1437.603821	   1437.595634	0.0	      0.000000	8	446594	
032	 -0.012750	454.066909	   1437.592789	   1437.592789	631036	   1437.596886	   1437.588699	0.0	      0.000000	8	446594	
033	 -0.014875	226.296088	   1437.587219	   1437.587219	632496	   1437.591316	   1437.583130	0.0	      0.000000	8	446594	
034	 -0.000000	 79.899112	   1437.582073	   1437.582073	633845	   1437.586170	   1437.577984	0.0	      0.000000	8	446594	
035	  0.019125	173.961086	   1437.554634	   1437.554634	641038	   1437.558731	   1437.550545	0.0	      0.000000	8	446594	
036	 -0.025500	 65.790464	   1437.550255	   1437.550255	642186	   1437.554352	   1437.546165	0.0	      0.000000	8	446594	
037	 -0.027625	101.334071	   1437.502357	   1437.502357	654742	   1437.506454	   1437.498268	0.0	      0.000000	8	446594	
038	 -0.002125	122.752011	   1437.452339	   1437.452339	667854	   1437.456436	   1437.448250	0.0	      0.000000	8	446594	
039	  0.004250	 73.173525	   1437.447174	   1437.447174	669208	   1437.451271	   1437.443085	0.0	      0.000000	8	446594	
040	  0.002125	102.458389	   1437.440292	   1437.440292	671012	   1437.444389	   1437.436203	0.0	      0.000000	8	446594	
041	  0.004250	 76.349300	   1436.905533	   1436.905533	811196	   1436.909630	   1436.901443	0.0	      0.000000	8	446594	
042	 -0.679996	 37.753696	   1436.000870	   1436.000870	1048348	   1436.004967	   1436.000004	0.0	      0.000000	8	446594	
043	 -0.000000	368.062616	   1435.000000	   1435.000000	262144	   1435.004097	   1434.995911	0.0	      0.000000	9	478	
044	 -0.000000	 83.105046	   1430.000000	   1430.000000	524288	   1430.004097	   1429.995911	0.0	      0.000000	10	28	
045	  0.068000	 42.351448	   1424.970692	   1424.970692	794115	   1424.974789	   1424.966602	0.0	      0.000000	11	9	
046	 -0.000000	191.456188	   1420.000000	   1420.000000	0	   1420.000000	   1419.995911	0.0	      0.000000	13	7264698	
047	 -0.520622	 73.550935	   1419.995239	   1419.995239	1248	   1419.999336	   1419.991150	0.0	      0.000000	13	7264698	
048	 -0.131749	 33.315472	   1419.963543	   1419.963543	9557	   1419.967640	   1419.959454	0.0	      0.000000	13	7264698	
049	 -0.034000	 29.774893	   1417.918381	   1417.918381	545684	   1417.922478	   1417.914291	0.0	      0.000000	13	7264698	
050	 -0.824495	 40.151161	   1416.000530	   1416.000530	1048437	   1416.004627	   1416.000004	0.0	      0.000000	13	7264698	
051	 -0.002125	 39.369937	   1415.567150	   1415.567150	113469	   1415.571247	   1415.563061	0.0	      0.000000	14	337	
052	 -0.034000	 65.601194	   1415.562935	   1415.562935	114574	   1415.567032	   1415.558846	0.0	      0.000000	14	337	
053	 -0.000000	325.360250	   1413.000000	   1413.000000	786432	   1413.004097	   1412.995911	0.0	      0.000000	14	337	
054	 -0.000000	250.779029	   1410.000000	   1410.000000	524288	   1410.004097	   1409.995911	0.0	      0.000000	15	5223	
055	 -0.112624	213.503680	   1408.025806	   1408.025806	1041811	   1408.029903	   1408.021717	0.0	      0.000000	15	5223	
056	 -0.000000	750697870.256898	   1408.000000	   1408.000000	0	   1408.000000	   1407.995911	0.0	      0.000000	16	23374	
057	  0.652371	7029738.616901	   1407.999348	   1407.999348	171	   1408.000000	   1407.995258	0.0	      0.000000	16	23374	
058	 -0.998744	7029738.623705	   1404.000996	   1404.000996	1048315	   1404.005093	   1404.000004	0.0	      0.000000	16	23374	
059	 -0.000000	348.120717	   1403.000000	   1403.000000	262144	   1403.004097	   1402.995911	0.0	      0.000000	17	1229	
060	  0.078625	 64.176257	   1400.034340	   1400.034340	1039574	   1400.038437	   1400.030251	0.0	      0.000000	17	1229	
061	 -0.006375	273.879623	   1400.025211	   1400.025211	1041967	   1400.029308	   1400.021122	0.0	      0.000000	17	1229	
062	  0.048875	144.463724	   1400.016994	   1400.016994	1044121	   1400.021091	   1400.012905	0.0	      0.000000	17	1229	
063	  0.002125	349.980123	   1399.996822	   1399.996822	833	   1400.000000	   1399.992733	0.0	      0.000000	18	1972	
064	  0.006375	119.937953	   1399.982063	   1399.982063	4702	   1399.986160	   1399.977974	0.0	      0.000000	18	1972	
065	  0.061625	214.797849	   1399.971210	   1399.971210	7547	   1399.975307	   1399.967121	0.0	      0.000000	18	1972	
066	 -0.002125	 69.548297	   1399.839752	   1399.839752	42008	   1399.843849	   1399.835663	0.0	      0.000000	18	1972	
067	 -0.000000	146.744008	   1397.919003	   1397.919003	545521	   1397.923100	   1397.914913	0.0	      0.000000	18	1972	
068	 -0.138124	 26.828633	   1395.885704	   1395.885704	29962	   1395.889801	   1395.881615	0.0	      0.000000	19	5	
069	  0.042500	 46.293457	   1391.994862	   1391.994862	1347	   1391.998959	   1391.990772	0.0	      0.000000	20	749	
070	  0.027625	 50.942721	   1391.955582	   1391.955582	11644	   1391.959679	   1391.951492	0.0	      0.000000	20	749	
071	  0.212499	 26.908705	   1390.194466	   1390.194466	473310	   1390.198563	   1390.190376	0.0	      0.000000	20	749	
072	 -0.000000	416.999901	   1390.000000	   1390.000000	524288	   1390.004097	   1389.995911	0.0	      0.000000	20	749	
073	  0.565247	 26.237564	   1386.134731	   1386.134731	488969	   1386.138828	   1386.130642	0.0	      0.000000	21	2661	
074	  0.059500	116.813957	   1386.076038	   1386.076038	504355	   1386.080135	   1386.071949	0.0	      0.000000	21	2661	
075	 -0.000000	 27.318797	   1386.000000	   1386.000000	524288	   1386.004097	   1385.995911	0.0	      0.000000	21	2661	
076	 -0.029750	 28.285308	   1381.796986	   1381.796986	577507	   1381.801083	   1381.792896	0.0	      0.000000	22	1234214	
077	 -0.017000	 28.785502	   1381.788971	   1381.788971	579608	   1381.793068	   1381.784882	0.0	      0.000000	22	1234214	
078	 -0.000000	 28.656737	   1381.761951	   1381.761951	586691	   1381.766048	   1381.757862	0.0	      0.000000	22	1234214	
079	  0.233749	 53.482144	   1381.729675	   1381.729675	595152	   1381.733772	   1381.725586	0.0	      0.000000	22	1234214	
080	 -0.342123	 26.328106	   1381.709305	   1381.709305	600492	   1381.713402	   1381.705215	0.0	      0.000000	22	1234214	
081	 -0.643871	 27.027253	   1381.702049	   1381.702049	602394	   1381.706146	   1381.697960	0.0	      0.000000	22	1234214	
082	  0.118999	 36.214486	   1381.696812	   1381.696812	603767	   1381.700909	   1381.692722	0.0	      0.000000	22	1234214	
083	 -0.526997	 43.487658	   1381.690910	   1381.690910	605314	   1381.695007	   1381.686821	0.0	      0.000000	22	1234214	
084	 -0.089249	 29.102386	   1381.686054	   1381.686054	606587	   1381.690151	   1381.681965	0.0	      0.000000	22	1234214	
085	 -0.276248	 32.166730	   1381.681225	   1381.681225	607853	   1381.685322	   1381.677135	0.0	      0.000000	22	1234214	
086	 -0.563122	 44.016200	   1381.672955	   1381.672955	610021	   1381.677052	   1381.668865	0.0	      0.000000	22	1234214	
087	 -0.031875	 28.650348	   1381.656990	   1381.656990	614206	   1381.661087	   1381.652901	0.0	      0.000000	22	1234214	
088	 -0.342123	 69.469666	   1381.646305	   1381.646305	617007	   1381.650402	   1381.642216	0.0	      0.000000	22	1234214	
089	 -0.573747	 70.799968	   1381.640965	   1381.640965	618407	   1381.645061	   1381.636875	0.0	      0.000000	22	1234214	
090	 -0.246499	 58.667492	   1381.636196	   1381.636196	619657	   1381.640293	   1381.632107	0.0	      0.000000	22	1234214	
091	  0.025500	 47.628555	   1381.624920	   1381.624920	622613	   1381.629017	   1381.620831	0.0	      0.000000	22	1234214	
092	 -0.560997	 50.565910	   1381.610950	   1381.610950	626275	   1381.615047	   1381.606861	0.0	      0.000000	22	1234214	
093	 -0.293248	 48.331392	   1381.605244	   1381.605244	627771	   1381.609341	   1381.601154	0.0	      0.000000	22	1234214	
094	 -0.278373	 72.517897	   1381.596230	   1381.596230	630134	   1381.600327	   1381.592140	0.0	      0.000000	22	1234214	
095	 -0.099874	 54.348235	   1381.590069	   1381.590069	631749	   1381.594166	   1381.585979	0.0	      0.000000	22	1234214	
096	 -0.516372	 52.575594	   1381.583900	   1381.583900	633366	   1381.587997	   1381.579811	0.0	      0.000000	22	1234214	
097	 -0.193374	 45.199623	   1381.578129	   1381.578129	634879	   1381.582226	   1381.574039	0.0	      0.000000	22	1234214	
098	 -0.182749	 65.938452	   1381.561119	   1381.561119	639338	   1381.565216	   1381.557030	0.0	      0.000000	22	1234214	
099	 -0.070125	 48.403022	   1381.553036	   1381.553036	641457	   1381.557133	   1381.548946	0.0	      0.000000	22	1234214	
100	  0.078625	 50.305992	   1381.547855	   1381.547855	642815	   1381.551952	   1381.543766	0.0	      0.000000	22	1234214	
101	  0.097749	 67.014592	   1381.538837	   1381.538837	645179	   1381.542934	   1381.534748	0.0	      0.000000	22	1234214	
102	 -0.006375	 45.972091	   1381.533958	   1381.533958	646458	   1381.538055	   1381.529869	0.0	      0.000000	22	1234214	
103	 -0.569497	 55.682402	   1381.527962	   1381.527962	648030	   1381.532059	   1381.523872	0.0	      0.000000	22	1234214	
104	 -0.261373	 68.052737	   1381.523209	   1381.523209	649276	   1381.527306	   1381.519119	0.0	      0.000000	22	1234214	
105	 -0.626871	 69.535657	   1381.514030	   1381.514030	651682	   1381.518127	   1381.509941	0.0	      0.000000	22	1234214	
106	 -0.091374	 74.187014	   1381.504059	   1381.504059	654296	   1381.508156	   1381.499969	0.0	      0.000000	22	1234214	
107	 -0.172124	 50.397800	   1381.493107	   1381.493107	657167	   1381.497204	   1381.489017	0.0	      0.000000	22	1234214	
108	 -0.565247	115.194888	   1381.483952	   1381.483952	659567	   1381.488049	   1381.479862	0.0	      0.000000	22	1234214	
109	 -0.178499	116.749039	   1381.473114	   1381.473114	662408	   1381.477211	   1381.469025	0.0	      0.000000	22	1234214	
110	 -0.068000	 50.139491	   1381.462032	   1381.462032	665313	   1381.466129	   1381.457943	0.0	      0.000000	22	1234214	
111	 -0.541872	105.352998	   1381.451931	   1381.451931	667961	   1381.456028	   1381.447842	0.0	      0.000000	22	1234214	
112	 -0.091374	 67.662480	   1381.443058	   1381.443058	670287	   1381.447155	   1381.438969	0.0	      0.000000	22	1234214	
113	 -0.446247	109.433616	   1381.433815	   1381.433815	672710	   1381.437912	   1381.429726	0.0	      0.000000	22	1234214	
114	 -0.514247	 82.645830	   1381.424896	   1381.424896	675048	   1381.428993	   1381.420807	0.0	      0.000000	22	1234214	
115	 -0.169999	 48.663634	   1381.415104	   1381.415104	677615	   1381.419201	   1381.411015	0.0	      0.000000	22	1234214	
116	 -0.274123	 79.996925	   1381.410225	   1381.410225	678894	   1381.414322	   1381.406136	0.0	      0.000000	22	1234214	
117	  0.106249	176.992040	   1381.398827	   1381.398827	681882	   1381.402924	   1381.394737	0.0	      0.000000	22	1234214	
118	 -0.072250	 78.875688	   1381.388035	   1381.388035	684711	   1381.392132	   1381.383945	0.0	      0.000000	22	1234214	
119	 -0.240124	 60.282615	   1381.383186	   1381.383186	685982	   1381.387283	   1381.379097	0.0	      0.000000	22	1234214	
120	  0.038250	 60.261327	   1381.377907	   1381.377907	687366	   1381.382004	   1381.373817	0.0	      0.000000	22	1234214	
121	 -0.004250	126.090491	   1381.366955	   1381.366955	690237	   1381.371052	   1381.362865	0.0	      0.000000	22	1234214	
122	  0.048875	 70.156175	   1381.356892	   1381.356892	692875	   1381.360989	   1381.352802	0.0	      0.000000	22	1234214	
123	 -0.635371	 77.679428	   1381.351036	   1381.351036	694410	   1381.355133	   1381.346947	0.0	      0.000000	22	1234214	
124	 -0.076500	156.095205	   1381.340042	   1381.340042	697292	   1381.344139	   1381.335953	0.0	      0.000000	22	1234214	
125	  0.029750	160.199428	   1381.331917	   1381.331917	699422	   1381.336014	   1381.327827	0.0	      0.000000	22	1234214	
126	  0.093499	 86.312953	   1381.319839	   1381.319839	702588	   1381.323936	   1381.315750	0.0	      0.000000	22	1234214	
127	 -0.286873	 83.689474	   1381.311241	   1381.311241	704842	   1381.315338	   1381.307152	0.0	      0.000000	22	1234214	
128	 -0.352748	 87.127623	   1381.303318	   1381.303318	706919	   1381.307415	   1381.299229	0.0	      0.000000	22	1234214	
129	  0.048875	109.979861	   1381.294891	   1381.294891	709128	   1381.298988	   1381.290802	0.0	      0.000000	22	1234214	
130	  0.208249	225.942143	   1381.279705	   1381.279705	713109	   1381.283802	   1381.275616	0.0	      0.000000	22	1234214	
131	 -0.068000	 95.681934	   1381.271030	   1381.271030	715383	   1381.275127	   1381.266941	0.0	      0.000000	22	1234214	
132	 -0.548247	180.320670	   1381.257935	   1381.257935	718816	   1381.262032	   1381.253845	0.0	      0.000000	22	1234214	
133	 -0.178499	142.135394	   1381.246117	   1381.246117	721914	   1381.250214	   1381.242027	0.0	      0.000000	22	1234214	
134	 -0.242249	113.835576	   1381.230186	   1381.230186	726090	   1381.234283	   1381.226097	0.0	      0.000000	22	1234214	
135	  0.025500	286.095684	   1381.215919	   1381.215919	729830	   1381.220016	   1381.211830	0.0	      0.000000	22	1234214	
136	 -0.475997	174.114748	   1381.199852	   1381.199852	734042	   1381.203949	   1381.195763	0.0	      0.000000	22	1234214	
137	 -0.514247	243.733716	   1381.188896	   1381.188896	736914	   1381.192993	   1381.184807	0.0	      0.000000	22	1234214	
138	 -0.620496	115.981918	   1381.183022	   1381.183022	738454	   1381.187119	   1381.178932	0.0	      0.000000	22	1234214	
139	 -0.618371	180.515590	   1381.169018	   1381.169018	742125	   1381.173115	   1381.164928	0.0	      0.000000	22	1234214	
140	 -0.356998	171.065926	   1381.160320	   1381.160320	744405	   1381.164417	   1381.156231	0.0	      0.000000	22	1234214	
141	 -0.463247	150.621178	   1381.153835	   1381.153835	746105	   1381.157932	   1381.149746	0.0	      0.000000	22	1234214	
142	 -0.284748	132.387133	   1381.149239	   1381.149239	747310	   1381.153336	   1381.145149	0.0	      0.000000	22	1234214	
143	 -0.554622	118.690313	   1381.138947	   1381.138947	750008	   1381.143044	   1381.134857	0.0	      0.000000	22	1234214	
144	 -0.641746	124.186936	   1381.130043	   1381.130043	752342	   1381.134140	   1381.125954	0.0	      0.000000	22	1234214	
145	 -0.560997	142.125424	   1381.120949	   1381.120949	754726	   1381.125046	   1381.116859	0.0	      0.000000	22	1234214	
146	 -0.291123	244.941298	   1381.111244	   1381.111244	757270	   1381.115341	   1381.107155	0.0	      0.000000	22	1234214	
147	 -0.520622	192.208385	   1381.098907	   1381.098907	760504	   1381.103004	   1381.094818	0.0	      0.000000	22	1234214	
148	 -0.293248	121.450092	   1381.094246	   1381.094246	761726	   1381.098343	   1381.090157	0.0	      0.000000	22	1234214	
149	 -0.471747	120.218816	   1381.079845	   1381.079845	765501	   1381.083942	   1381.075756	0.0	      0.000000	22	1234214	
150	 -0.195499	 76.465764	   1381.075134	   1381.075134	766736	   1381.079231	   1381.071045	0.0	      0.000000	22	1234214	
151	 -0.359123	 77.812620	   1381.069324	   1381.069324	768259	   1381.073421	   1381.065235	0.0	      0.000000	22	1234214	
152	  0.099874	179.559009	   1381.055832	   1381.055832	771796	   1381.059929	   1381.051743	0.0	      0.000000	22	1234214	
153	 -0.097749	173.435365	   1381.050064	   1381.050064	773308	   1381.054161	   1381.045975	0.0	      0.000000	22	1234214	
154	 -0.172124	 64.975262	   1381.032108	   1381.032108	778015	   1381.036205	   1381.028019	0.0	      0.000000	22	1234214	
155	 -0.473872	125.172007	   1381.021851	   1381.021851	780704	   1381.025948	   1381.017761	0.0	      0.000000	22	1234214	
156	 -0.195499	 71.644598	   1381.017136	   1381.017136	781940	   1381.021233	   1381.013046	0.0	      0.000000	22	1234214	
157	 -0.639621	 88.323780	   1381.009045	   1381.009045	784061	   1381.013142	   1381.004955	0.0	      0.000000	22	1234214	
158	 -0.000000	427.722907	   1381.000000	   1381.000000	786432	   1381.004097	   1380.995911	0.0	      0.000000	22	1234214	
159	 -0.274123	265.852455	   1380.985226	   1380.985226	790305	   1380.989323	   1380.981136	0.0	      0.000000	22	1234214	
160	 -0.465372	122.036833	   1380.971840	   1380.971840	793814	   1380.975937	   1380.967751	0.0	      0.000000	22	1234214	
161	 -0.371873	116.852849	   1380.961342	   1380.961342	796566	   1380.965439	   1380.957253	0.0	      0.000000	22	1234214	
162	 -0.444122	 76.231434	   1380.952816	   1380.952816	798801	   1380.956913	   1380.948727	0.0	      0.000000	22	1234214	
163	 -0.369748	137.187799	   1380.947338	   1380.947338	800237	   1380.951435	   1380.943249	0.0	      0.000000	22	1234214	
164	 -0.488747	150.488048	   1380.942867	   1380.942867	801409	   1380.946964	   1380.938778	0.0	      0.000000	22	1234214	
165	 -0.288998	197.139443	   1380.936241	   1380.936241	803146	   1380.940338	   1380.932152	0.0	      0.000000	22	1234214	
166	 -0.278373	149.860294	   1380.923229	   1380.923229	806557	   1380.927326	   1380.919140	0.0	      0.000000	22	1234214	
167	 -0.556747	220.648602	   1380.912945	   1380.912945	809253	   1380.917042	   1380.908855	0.0	      0.000000	22	1234214	
168	 -0.361248	131.709724	   1380.906326	   1380.906326	810988	   1380.910423	   1380.902237	0.0	      0.000000	22	1234214	
169	 -0.518497	162.478858	   1380.901905	   1380.901905	812147	   1380.906002	   1380.897816	0.0	      0.000000	22	1234214	
170	  0.004250	206.859562	   1380.889946	   1380.889946	815282	   1380.894043	   1380.885857	0.0	      0.000000	22	1234214	
171	 -0.350623	141.627497	   1380.884319	   1380.884319	816757	   1380.888416	   1380.880230	0.0	      0.000000	22	1234214	
172	 -0.535497	 93.938111	   1380.871922	   1380.871922	820007	   1380.876019	   1380.867832	0.0	      0.000000	22	1234214	
173	 -0.261373	145.891013	   1380.866211	   1380.866211	821504	   1380.870308	   1380.862122	0.0	      0.000000	22	1234214	
174	  0.031875	101.018409	   1380.860912	   1380.860912	822893	   1380.865009	   1380.856823	0.0	      0.000000	22	1234214	
175	 -0.186999	183.653702	   1380.850124	   1380.850124	825721	   1380.854221	   1380.846035	0.0	      0.000000	22	1234214	
176	 -0.637496	163.075765	   1380.844040	   1380.844040	827316	   1380.848137	   1380.839951	0.0	      0.000000	22	1234214	
177	 -0.099874	164.469345	   1380.826069	   1380.826069	832027	   1380.830166	   1380.821980	0.0	      0.000000	22	1234214	
178	 -0.560997	100.074303	   1380.818951	   1380.818951	833893	   1380.823048	   1380.814861	0.0	      0.000000	22	1234214	
179	 -0.184874	 85.851963	   1380.814125	   1380.814125	835158	   1380.818222	   1380.810036	0.0	      0.000000	22	1234214	
180	 -0.444122	 60.313677	   1380.800816	   1380.800816	838647	   1380.804913	   1380.796726	0.0	      0.000000	22	1234214	
181	 -0.169999	 69.959220	   1380.793106	   1380.793106	840668	   1380.797203	   1380.789017	0.0	      0.000000	22	1234214	
182	 -0.254999	 89.650681	   1380.782204	   1380.782204	843526	   1380.786301	   1380.778114	0.0	      0.000000	22	1234214	
183	  0.076500	 87.693894	   1380.773857	   1380.773857	845714	   1380.777954	   1380.769768	0.0	      0.000000	22	1234214	
184	 -0.560997	115.470536	   1380.768948	   1380.768948	847001	   1380.773045	   1380.764858	0.0	      0.000000	22	1234214	
185	 -0.611996	 75.231106	   1380.761009	   1380.761009	849082	   1380.765106	   1380.756920	0.0	      0.000000	22	1234214	
186	 -0.616246	 67.709717	   1380.751015	   1380.751015	851702	   1380.755112	   1380.746925	0.0	      0.000000	22	1234214	
187	 -0.639621	 84.207700	   1380.739044	   1380.739044	854840	   1380.743141	   1380.734955	0.0	      0.000000	22	1234214	
188	 -0.178499	 92.600819	   1380.731117	   1380.731117	856918	   1380.735214	   1380.727028	0.0	      0.000000	22	1234214	
189	 -0.174249	 78.659473	   1380.713108	   1380.713108	861639	   1380.717205	   1380.709019	0.0	      0.000000	22	1234214	
190	  0.110499	 92.877428	   1380.706818	   1380.706818	863288	   1380.710915	   1380.702728	0.0	      0.000000	22	1234214	
191	 -0.611996	 56.998446	   1380.702011	   1380.702011	864548	   1380.706108	   1380.697922	0.0	      0.000000	22	1234214	
192	 -0.133874	 84.923717	   1380.694817	   1380.694817	866434	   1380.698914	   1380.690727	0.0	      0.000000	22	1234214	
193	 -0.369748	 86.736544	   1380.686337	   1380.686337	868657	   1380.690434	   1380.682247	0.0	      0.000000	22	1234214	
194	 -0.473872	 68.447850	   1380.676849	   1380.676849	871144	   1380.680946	   1380.672760	0.0	      0.000000	22	1234214	
195	 -0.467497	 89.842863	   1380.667843	   1380.667843	873505	   1380.671940	   1380.663754	0.0	      0.000000	22	1234214	
196	 -0.369748	 85.093720	   1380.658337	   1380.658337	875997	   1380.662434	   1380.654247	0.0	      0.000000	22	1234214	
197	 -0.635371	 86.960138	   1380.650036	   1380.650036	878173	   1380.654133	   1380.645947	0.0	      0.000000	22	1234214	
198	 -0.516372	 31.795866	   1380.635834	   1380.635834	881896	   1380.639931	   1380.631744	0.0	      0.000000	22	1234214	
199	 -0.363373	 32.786306	   1380.629330	   1380.629330	883601	   1380.633427	   1380.625240	0.0	      0.000000	22	1234214	
200	 -0.365498	137.775472	   1380.623333	   1380.623333	885173	   1380.627430	   1380.619244	0.0	      0.000000	22	1234214	
201	 -0.261373	117.707030	   1380.613213	   1380.613213	887826	   1380.617310	   1380.609123	0.0	      0.000000	22	1234214	
202	 -0.461122	 48.404508	   1380.599834	   1380.599834	891333	   1380.603931	   1380.595745	0.0	      0.000000	22	1234214	
203	 -0.365498	 52.563356	   1380.595089	   1380.595089	892577	   1380.599186	   1380.591000	0.0	      0.000000	22	1234214	
204	 -0.299623	 68.546460	   1380.587257	   1380.587257	894630	   1380.591354	   1380.583168	0.0	      0.000000	22	1234214	
205	 -0.242249	 68.935302	   1380.582188	   1380.582188	895959	   1380.586285	   1380.578098	0.0	      0.000000	22	1234214	
206	 -0.254999	104.514957	   1380.573204	   1380.573204	898314	   1380.577301	   1380.569115	0.0	      0.000000	22	1234214	
207	 -0.533372	 43.252222	   1380.560917	   1380.560917	901535	   1380.565014	   1380.556828	0.0	      0.000000	22	1234214	
208	 -0.254999	 52.426021	   1380.555202	   1380.555202	903033	   1380.559299	   1380.551113	0.0	      0.000000	22	1234214	
209	 -0.356998	 72.558143	   1380.538322	   1380.538322	907458	   1380.542419	   1380.534233	0.0	      0.000000	22	1234214	
210	 -0.286873	 62.659027	   1380.518242	   1380.518242	912722	   1380.522339	   1380.514153	0.0	      0.000000	22	1234214	
211	 -0.182749	 39.303130	   1380.509121	   1380.509121	915113	   1380.513218	   1380.505032	0.0	      0.000000	22	1234214	
212	 -0.038250	 51.801563	   1380.499947	   1380.499947	917518	   1380.504044	   1380.495857	0.0	      0.000000	22	1234214	
213	 -0.189124	 51.734857	   1380.491127	   1380.491127	919830	   1380.495224	   1380.487038	0.0	      0.000000	22	1234214	
214	 -0.048875	 36.044134	   1380.479717	   1380.479717	922821	   1380.483814	   1380.475628	0.0	      0.000000	22	1234214	
215	 -0.344248	 34.289887	   1380.470306	   1380.470306	925288	   1380.474403	   1380.466217	0.0	      0.000000	22	1234214	
216	 -0.199749	 68.289771	   1380.460140	   1380.460140	927953	   1380.464237	   1380.456051	0.0	      0.000000	22	1234214	
217	 -0.265623	 61.574945	   1380.450218	   1380.450218	930554	   1380.454315	   1380.446129	0.0	      0.000000	22	1234214	
218	 -0.635371	 32.406169	   1380.429035	   1380.429035	936107	   1380.433132	   1380.424946	0.0	      0.000000	22	1234214	
219	 -0.346373	 30.766193	   1380.415310	   1380.415310	939705	   1380.419407	   1380.411221	0.0	      0.000000	22	1234214	
220	 -0.465372	 29.579986	   1380.410839	   1380.410839	940877	   1380.414936	   1380.406750	0.0	      0.000000	22	1234214	
221	 -0.301748	 27.593371	   1380.387257	   1380.387257	947059	   1380.391354	   1380.383167	0.0	      0.000000	22	1234214	
222	  0.199749	 81.478736	   1380.192722	   1380.192722	998055	   1380.196819	   1380.188633	0.0	      0.000000	22	1234214	
223	  0.002125	 25.424179	   1380.000004	   1380.000004	1048575	   1380.004101	   1380.000004	0.0	      0.000000	22	1234214	
224	 -0.000000	154.528201	   1380.000000	   1380.000000	0	   1380.000000	   1379.995911	0.0	      0.000000	23	129	
225	 -0.000000	 30.156945	   1379.999996	   1379.999996	1	   1380.000000	   1379.995907	0.0	      0.000000	23	129	
226	 -0.000000	 27.337193	   1379.000000	   1379.000000	262144	   1379.004097	   1378.995911	0.0	      0.000000	23	129	
227	 -0.000000	 29.248282	   1378.619999	   1378.619999	361759	   1378.624096	   1378.615910	0.0	      0.000000	23	129	
228	 -0.000000	 33.741904	   1378.000000	   1378.000000	524288	   1378.004097	   1377.995911	0.0	      0.000000	23	129	
229	 -0.112624	 36.479640	   1376.025223	   1376.025223	1041964	   1376.029320	   1376.021133	0.0	      0.000000	23	129	
230	 -0.000000	2844.377398	   1376.000000	   1376.000000	0	   1376.000000	   1375.995911	0.0	      0.000000	24	327764	
231	  0.594997	 39.061729	   1375.999325	   1375.999325	177	   1376.000000	   1375.995235	0.0	      0.000000	24	327764	
232	  0.174249	 43.953005	   1375.208965	   1375.208965	207365	   1375.213062	   1375.204876	0.0	      0.000000	24	327764	
233	  0.017000	 65.558234	   1375.149147	   1375.149147	223046	   1375.153244	   1375.145058	0.0	      0.000000	24	327764	
234	  0.017000	3193.607224	   1375.138779	   1375.138779	225764	   1375.142876	   1375.134689	0.0	      0.000000	24	327764	
235	  0.006375	868.006831	   1375.133728	   1375.133728	227088	   1375.137825	   1375.129639	0.0	      0.000000	24	327764	
236	  0.017000	 81.611245	   1375.128414	   1375.128414	228481	   1375.132511	   1375.124325	0.0	      0.000000	24	327764	
237	  0.021250	107.025113	   1375.119011	   1375.119011	230946	   1375.123108	   1375.114922	0.0	      0.000000	24	327764	
238	  0.010625	175.261406	   1375.110813	   1375.110813	233095	   1375.114910	   1375.106724	0.0	      0.000000	24	327764	
239	 -0.023375	161.391872	   1375.102390	   1375.102390	235303	   1375.106487	   1375.098301	0.0	      0.000000	24	327764	
240	  0.004250	1017.591955	   1375.095390	   1375.095390	237138	   1375.099487	   1375.091301	0.0	      0.000000	24	327764	
241	 -0.017000	 56.430439	   1375.088760	   1375.088760	238876	   1375.092857	   1375.084671	0.0	      0.000000	24	327764	
242	 -0.002125	552.206016	   1375.083782	   1375.083782	240181	   1375.087879	   1375.079693	0.0	      0.000000	24	327764	
243	 -0.004250	 62.930972	   1375.048065	   1375.048065	249544	   1375.052162	   1375.043976	0.0	      0.000000	24	327764	
244	  0.012750	 43.851832	   1375.033413	   1375.033413	253385	   1375.037510	   1375.029324	0.0	      0.000000	24	327764	
245	  0.057375	 93.996024	   1375.028881	   1375.028881	254573	   1375.032978	   1375.024792	0.0	      0.000000	24	327764	
246	  0.048875	 93.716842	   1375.016689	   1375.016689	257769	   1375.020786	   1375.012600	0.0	      0.000000	24	327764	
247	 -0.000000	122.823955	   1375.000000	   1375.000000	262144	   1375.004097	   1374.995911	0.0	      0.000000	24	327764	
248	 -0.550372	1122.377074	   1374.991749	   1374.991749	264307	   1374.995846	   1374.987659	0.0	      0.000000	24	327764	
249	  0.063750	 40.641693	   1374.971722	   1374.971722	269557	   1374.975819	   1374.967632	0.0	      0.000000	24	327764	
250	 -0.000000	128.475851	   1374.954411	   1374.954411	274095	   1374.958508	   1374.950321	0.0	      0.000000	24	327764	
251	  0.004250	654.502321	   1374.949471	   1374.949471	275390	   1374.953568	   1374.945381	0.0	      0.000000	24	327764	
252	  0.004250	606.441129	   1374.942886	   1374.942886	277116	   1374.946983	   1374.938797	0.0	      0.000000	24	327764	
253	 -0.078625	 83.930231	   1374.926231	   1374.926231	281482	   1374.930328	   1374.922142	0.0	      0.000000	24	327764	
254	 -0.575872	 40.523710	   1372.000656	   1372.000656	1048404	   1372.004753	   1372.000004	0.0	      0.000000	24	327764	
255	 -0.000000	283.266917	   1371.000000	   1371.000000	262144	   1371.004097	   1370.995911	0.0	      0.000000	25	602	
256	  0.178499	 35.197726	   1370.191334	   1370.191334	474131	   1370.195431	   1370.187244	0.0	      0.000000	25	602	
257	 -0.000000	165.473877	   1370.000000	   1370.000000	524288	   1370.004097	   1369.995911	0.0	      0.000000	25	602	
258	  0.023375	 32.830305	   1368.005596	   1368.005596	1047109	   1368.009693	   1368.001507	0.0	      0.000000	25	602	
259	  0.034000	 44.689041	   1366.125862	   1366.125862	491294	   1366.129959	   1366.121773	0.0	      0.000000	26	117	
260	  0.019125	 25.929128	   1365.363411	   1365.363411	691166	   1365.367508	   1365.359322	0.0	      0.000000	26	117	
261	  0.008500	 29.336525	   1365.317181	   1365.317181	703285	   1365.321278	   1365.313091	0.0	      0.000000	26	117	
262	  0.036125	 36.115563	   1365.299973	   1365.299973	707796	   1365.304070	   1365.295883	0.0	      0.000000	26	117	
263	  0.025500	 54.539053	   1365.271645	   1365.271645	715222	   1365.275742	   1365.267555	0.0	      0.000000	26	117	
264	  0.040375	 91.569177	   1364.287060	   1364.287060	973325	   1364.291157	   1364.282970	0.0	      0.000000	26	117	
265	  0.002125	 40.436753	   1360.000004	   1360.000004	1048575	   1360.004101	   1360.000004	0.0	      0.000000	27	1	
266	 -0.000000	551.735519	   1360.000000	   1360.000000	0	   1360.000000	   1359.995911	0.0	      0.000000	28	526	
267	 -0.000000	 74.773410	   1359.999996	   1359.999996	1	   1360.000000	   1359.995907	0.0	      0.000000	28	526	
268	  0.006375	135.357844	   1359.982574	   1359.982574	4568	   1359.986671	   1359.978485	0.0	      0.000000	28	526	
269	 -0.000000	 29.519809	   1358.639999	   1358.639999	356516	   1358.644096	   1358.635910	0.0	      0.000000	28	526	
270	 -0.040375	125.920102	   1356.585209	   1356.585209	895167	   1356.589306	   1356.581120	0.0	      0.000000	28	526	
271	 -0.101999	 34.742839	   1356.572926	   1356.572926	898387	   1356.577023	   1356.568836	0.0	      0.000000	28	526	
272	  0.029750	203.827637	   1350.009102	   1350.009102	521902	   1350.013199	   1350.005013	0.0	      0.000000	30	831	
273	 -0.000000	 45.440078	   1349.000000	   1349.000000	786432	   1349.004097	   1348.995911	0.0	      0.000000	30	831	
274	 -0.116874	 70.382292	   1344.024643	   1344.024643	1042116	   1344.028740	   1344.020554	0.0	      0.000000	31	1230	
